     0-25   25-30   30-35   35-40  ...  O_Winrate  Outcome     WR  Winrate
0  47.750  50.112  48.434  47.882  ...       78.6      0.0  91.86     78.6
1  49.664  51.928  50.818  51.888  ...       28.6      1.0  11.66     35.7
2  49.536  48.910  47.476  48.646  ...       35.7      1.0  53.40     50.0
3  50.522  48.642  52.208  52.548  ...       57.1      1.0  21.66     21.4
4  49.016  49.880  48.604  50.060  ...       50.0      0.0  46.66     28.6
5  48.498  49.640  48.318  48.490  ...       21.4      1.0  25.72     64.3
6  51.234  51.948  51.290  47.402  ...       78.6      1.0  33.88     50.0
7  51.462  50.706  49.500  46.822  ...       35.7      0.0  66.36     57.1

[8 rows x 33 columns]
