         0-25     25-30     30-35     35-40       40+  Avg_game_time  Dmg_per_gold    Drag_%      FT_%     Games    Gd/min  Gd_at_15    Gold/M       KDA    O_0-25   O_25-30   O_30-35   O_35-40     O_40+  O_Avg_game_time  O_Dmg_per_gold  O_Drag_%    O_FT_%   O_Games  O_Gd/min  O_Gd_at_15  O_Gold/M     O_KDA      O_WR  O_Winrate        WR   Winrate
0   -1.820139 -2.049916 -2.050317 -1.509208 -1.365856      -2.426306      0.486625  1.962811  0.830368  1.259057  2.008208  2.166479  1.582099  0.681173  0.782080  0.824989 -0.420892  0.067438  1.506053         0.627361        0.692481 -0.734323  0.775580 -0.571422  0.876964    0.443914 -0.936802 -0.968283 -1.149715   1.535613  1.460128  1.524314
1    0.938739  0.616112  2.340974  0.817971  1.071198       0.842460     -1.014658 -1.859442 -1.441979 -0.952800 -0.988736 -1.372465 -2.135507 -1.335672  0.787816  1.309405  1.658364 -0.494247 -1.642421        -0.597685        2.284891 -0.912593 -0.888605  0.903487 -1.123617   -0.827642 -0.552110  0.353717 -0.266881  -1.278102 -1.893444 -0.892353
2    0.594561  0.358269  0.478535 -0.349496 -0.680036      -0.205541     -1.454652  0.256781  0.830368  0.748629 -0.477409 -0.495127  0.087942 -0.528149  0.380594 -0.678544 -0.166290 -0.450260  1.729117         1.192766       -0.020794  1.067143 -0.888605  0.482084 -0.038195    0.626253 -0.340529  0.247813 -0.342531  -0.073832 -0.009562 -0.892353
3    0.604215 -0.041718  0.081814  0.304020  0.639504       0.085570      0.438594 -1.076346 -0.990056 -0.952800 -1.883558 -1.574854 -1.726392 -1.455426  0.710864  0.576914  0.495678  0.917861  0.792863         0.524559       -0.604768  0.185176 -0.888605  0.271383  0.380366    0.006877  0.265360  0.233404  0.565268   0.325716 -1.651044 -1.697908
4    0.258358  0.287197  1.002285  0.635208  0.477884      -0.496653      2.254270 -0.908540 -0.990056 -0.102086 -1.180483 -0.894177 -0.347854 -0.564141 -2.129174 -2.510609 -2.871444 -1.280381 -0.796211         0.130489        0.203912 -0.274573  0.356624  0.903487 -0.080761    0.323318 -0.359764  0.482675 -0.389434  -0.073832 -0.099825 -1.292314
5    0.305788 -0.527652 -0.174198 -1.189097 -1.982563       0.301824     -0.038040  0.042362  1.740580 -1.463228  0.232767 -0.257416 -1.948737 -0.406431  0.733806  1.368071  0.665413  0.154285 -0.386920         0.001987        0.394113 -1.081480 -0.888605 -0.150019 -1.825949   -1.515516 -1.658099 -0.739185  0.301250  -1.683277 -1.589897  0.718758
6    0.701592  0.829328  0.711096 -1.346383 -1.784792       1.241699      0.040167  1.058522 -0.990056  0.068057 -0.093914  0.544503 -0.543518 -1.229006 -1.974792 -0.946733 -0.762484  0.216319 -0.712306        -2.585172        0.444130  1.977259  0.775580  1.746292  2.061705    2.265383  1.804128  1.945160  1.743137   1.535613 -0.801550 -0.086797
7   -1.187188  1.237579  0.539118  0.388201 -0.219633       0.592936     -0.520611  0.182200 -0.990056 -0.102086  0.325090 -0.068392  0.007898  1.459902  0.709908  1.637936  1.221296  0.346025  0.063301         0.781562       -1.119251 -1.869622 -1.301742 -0.782123 -0.932072   -1.310987 -0.455937 -0.882551 -1.212504  -0.878554  0.399534  0.313164
8    0.305788 -1.570593 -1.213880 -1.729631 -1.651881       0.210332      0.255948 -0.274606  0.372079  1.259057 -0.136524  0.244738 -0.383429  3.216298  0.317025  0.305373  0.892434  0.730633  0.775468        -0.297849       -1.577443  0.260237  0.775580  0.482084 -0.421285   -0.424371 -0.494406 -0.883992 -0.940165  -0.878554  0.869049 -0.086797
9    0.509776  0.095468  0.589930  1.134759  0.718187       0.692746      0.725111 -0.731411  0.830368 -0.782657  0.822214  0.364071  0.141305  1.131396  0.984257  2.608444  1.543793  0.197145 -1.143085         0.224723       -0.102236  0.044436  1.607672 -0.992824  0.288140   -0.184146 -0.465554  0.076349 -0.645130   0.730891  0.836292  1.524314
10  -1.187188  0.710324 -0.389170  0.600871 -0.588593       0.842460     -1.014658 -1.859442 -1.441979 -1.122943 -0.988736 -1.372465  0.176880 -0.424755  0.536887  0.018746 -0.187506  0.096763 -0.211947        -0.297849       -1.577443  0.260237  0.775580  0.482084 -0.421285   -0.424371 -0.244356 -0.186610  0.009998  -0.878554 -1.529479 -0.892353
11  -1.310588  0.564874 -0.496656  0.305127 -0.198367      -0.496653      2.254270 -0.908540 -0.990056  1.939628 -1.180483 -0.894177  0.141305 -0.452893  0.446074 -0.207538 -0.227819 -0.039710  0.003954         0.627361        0.692481 -0.734323  0.775580 -0.782123  0.876964    0.443914  0.101866 -1.035284 -1.779879   1.535613  0.013732 -1.292314
12   1.216599  0.860732  1.146903 -1.113776 -1.635931      -2.426306      0.486625  1.962811  0.830368 -0.612514  2.008208  2.166479  1.671037  2.775236  0.615750  0.047241  0.179546  0.885153  0.020325         0.001987        0.394113 -1.081480 -0.888605 -1.624928 -1.825949   -1.515516 -1.686951 -0.621033 -1.401629  -1.683277  1.564222  1.524314
13   0.535379  0.067370  1.225074 -0.181132 -0.310012       0.210332      0.255948 -0.274606  0.372079 -0.102086 -0.136524  0.244738 -1.068251  0.417451 -1.974792 -1.478082 -1.475372  0.556939 -0.562915         1.192766       -0.020794  1.067143 -0.888605  0.271383 -0.038195    0.626253  0.534645 -1.044649  1.047914  -0.073832 -1.174250 -0.086797
14  -1.635878 -0.089650 -0.279729  0.616378  0.878743       0.692746      0.725111 -0.731411  0.830368  0.578486  0.822214  0.364071 -0.107722  0.215244  0.201359 -0.797553  0.224101  0.136239 -0.092230         0.524559       -0.604768  0.185176 -0.888605  1.324889  0.380366    0.006877 -0.898333 -0.144104 -0.014967   0.325716  0.229927  1.524314
15  -1.358018 -0.385508 -1.764990 -0.649670 -0.144139       0.210332      0.255948 -0.274606  0.372079  0.238200 -0.136524  0.244738  0.096836 -0.691748  0.362909 -0.923267 -0.431501  0.304294 -0.480033         0.224723       -0.102236  0.044436  1.607672  1.114188  0.288140   -0.184146  0.438472  1.172852  1.119782   0.730891 -0.786263 -0.086797
16   0.747342  1.095435 -0.658862 -0.517859 -0.073962      -0.205541     -1.454652  0.256781  0.830368  0.748629 -0.477409 -0.495127 -0.596880 -0.950888  0.515856  0.694247  1.314650  0.657321  0.438826        -2.585172        0.444130  1.977259  0.775580  0.271383  2.061705    2.265383  1.919536  4.476772  1.894437   1.535613 -0.538767 -0.892353
17   0.764132  0.146706  0.386684  0.131226 -0.264291       0.085570      0.438594 -1.076346 -0.990056 -0.102086 -1.883558 -1.574854 -0.152191  0.266286  0.245809 -0.383537 -0.849474 -1.290532 -1.708931         1.192766       -0.020794  1.067143 -0.888605 -0.360720 -0.038195    0.626253 -1.408049 -0.827798 -0.960590  -0.073832 -0.134038 -1.697908
18   0.774625  2.630922  1.840676  0.553242  0.813883       0.592936     -0.520611  0.182200 -0.990056 -0.102086  0.325090 -0.068392 -0.997101  0.859822 -1.881590 -0.666811 -1.288664  0.210679 -0.010371        -0.597685        2.284891 -0.912593 -0.888605  0.482084 -1.123617   -0.827642 -0.638666 -0.875347 -0.527116  -1.278102  0.059591  0.313164
19   0.412399 -1.008628  0.863531  0.634100 -0.112241       0.301824     -0.038040  0.042362  1.740580  0.238200  0.232767 -0.257416  0.594888  2.246485  0.348570 -0.076796 -0.469691 -1.081874 -1.254617         0.781562       -1.119251 -1.869622 -1.301742 -1.203525 -0.932072   -1.310987 -1.706186 -0.843648 -1.590754  -0.878554  1.442658  0.718758
20   0.910197  0.444217  0.900662  1.025102 -0.163278       0.210332      0.255948 -0.274606  0.372079 -0.442371 -0.136524  0.244738 -0.961526 -1.041849 -1.666986  1.106587 -0.484543  0.703564  0.057162         0.781562       -1.119251 -1.869622 -1.301742 -1.203525 -0.932072   -1.310987  0.274978  1.278757  0.678743  -0.878554 -1.347497 -0.086797
21  -1.463370 -0.225183 -1.602784  0.465737  0.142948      -0.205541     -1.454652  0.256781  0.830368  2.109771 -0.477409 -0.495127 -0.134403 -0.651175  0.201837 -1.275264 -0.382702 -1.959366 -1.927902         0.627361        0.692481 -0.734323  0.775580 -0.571422  0.876964    0.443914 -0.071245 -0.286751 -0.771466   1.535613 -0.028488 -0.892353
22   0.740207 -0.360715 -0.277775 -0.420385 -0.164342       0.301824     -0.038040  0.042362  1.740580 -0.782657  0.232767 -0.257416 -0.054359  0.921335 -1.457640  0.508191 -0.444231  1.660008  0.859373        -0.597685        2.284891 -0.912593 -0.888605  0.271383 -1.123617   -0.827642 -0.532875 -0.793217 -0.791891  -1.278102  0.836292  0.718758
23  -1.526749 -0.117748  0.414044  1.335245 -0.936288      -2.426306      0.486625  1.962811  0.830368  0.408343  2.008208  2.166479  1.004003  1.840760  0.465671  0.655695  0.205006 -1.265718 -1.432659         0.524559       -0.604768  0.185176 -0.888605 -0.150019  0.380366    0.006877 -1.638864 -0.942348 -0.695816   0.325716  1.564222  1.524314
24  -1.471764  0.093815 -0.496656  0.384878  1.032920       0.085570      0.438594 -1.076346 -0.990056 -0.952800 -1.883558 -1.574854  0.114623 -0.053713  0.608103  0.727770  0.493556  0.431744 -0.145438        -0.297849       -1.577443  0.260237  0.775580  0.271383 -0.421285   -0.424371 -0.128949 -0.563398 -0.150380  -0.878554  0.715456 -1.697908
25  -1.310588  0.647516 -1.634053 -0.512321 -0.082469       1.241699      0.040167  1.058522 -0.990056  2.450057 -0.093914  0.544503 -0.356748 -1.048393  0.260148 -1.219950  0.506286  1.068998 -0.419663         0.224723       -0.102236  0.044436  1.607672  0.271383  0.288140   -0.184146  0.467324  1.571254  1.687156   0.730891 -0.255602 -0.086797
26   0.701592  0.374798  0.883074 -1.196850 -1.680589      -0.496653      2.254270 -0.908540 -0.990056  0.748629 -1.180483 -0.894177 -0.659137 -0.644631 -1.974792 -1.226655 -2.114001 -0.413039 -0.684679        -2.585172        0.444130  1.977259  0.775580  2.167694  2.061705    2.265383  1.611782  2.251345  1.743137   1.535613 -0.645773 -1.292314
27  -1.605658 -0.805329 -0.545513  0.228699 -0.626872       0.592936     -0.520611  0.182200 -0.990056 -0.442371  0.325090 -0.068392 -0.623562 -1.244057  0.434125  0.756265  0.535990  0.558067  0.296597         0.130489        0.203912 -0.274573  0.356624  0.692786 -0.080761    0.323318  0.688522  0.478352  0.165080  -0.073832 -1.177889  0.313164
28   0.792673  3.049090  2.170951  1.436041  0.734136       0.692746      0.725111 -0.731411  0.830368 -1.122943  0.822214  0.364071 -1.432897 -0.986880  0.487179  0.122670 -1.617526 -0.958934 -0.337805         1.192766       -0.020794  1.067143 -0.888605  1.956993 -0.038195    0.626253  0.130718 -0.575646  0.057657  -0.073832 -1.711462  1.524314
29   0.515652  0.784702  0.474627  0.094673  0.034493       0.842460     -1.014658 -1.859442 -1.441979 -0.782657 -0.988736 -1.372465 -1.424003 -1.107943  1.032053 -0.031539  0.134990  0.691157  0.902348         0.001987        0.394113 -1.081480 -0.888605  0.271383 -1.825949   -1.515516 -0.773308 -0.299719  0.742289  -1.683277 -2.075427 -0.892353
30   0.372944 -0.048329 -0.205466  0.325065 -0.267481       0.692746     -1.612063 -0.731411  0.830368 -0.612514  0.822214  0.364071 -0.561305 -0.962667  0.477142  0.199774  2.521892  1.039673 -0.998810         0.001987        0.394113 -1.081480 -0.888605  0.060682 -1.825949   -1.515516  0.063397 -0.230557  0.313354  -1.683277 -1.226661  1.524314
31   0.910617 -1.352418  0.330009 -2.020944 -1.053250      -2.426306      0.486625  1.962811  0.830368  0.068057  2.008208  2.166479  1.679931  0.367063  0.504863 -0.361746 -1.534780  0.290759 -0.313247         0.224723       -0.102236  0.044436  1.607672 -0.571422  0.288140   -0.184146 -1.465753 -0.640485 -0.582341   0.730891  1.564222  1.524314
32   0.309985  0.308684  0.767770  0.652930  0.510846       0.842460     -1.014658 -1.859442 -1.441979 -0.952800 -0.988736 -1.372465 -0.810331 -0.753915  0.579903 -0.759001  1.709284  1.455861 -0.192506         1.192766       -0.020794  1.067143 -0.888605 -1.203525 -0.038195    0.626253  0.765460  0.651257  1.624367  -0.073832 -1.711462 -0.892353
33  -1.515416 -1.767281 -1.041903  0.330603 -0.285556      -0.205541     -1.454652  0.256781  0.830368  0.918771 -0.477409 -0.495127 -0.410111 -0.793833  0.631523  1.715040  2.159083  1.240436  1.685118        -0.597685        2.284891 -0.912593 -0.888605 -1.624928 -1.123617   -0.827642 -0.244356  0.076349  1.119782  -1.278102 -0.572980 -0.892353
34   1.057522  1.584675  1.619841  0.360510 -0.457809      -0.496653      2.254270 -0.908540 -0.990056  0.408343 -1.180483 -0.894177 -0.045465 -0.605367 -1.638787  0.307049 -0.142951  0.685518 -0.056417         1.192766       -0.020794  1.067143 -0.888605  1.324889 -0.038195    0.626253  0.169187 -0.349429  0.291416  -0.073832 -0.403372 -1.292314
35   0.662137 -1.240025 -0.232826  0.878892 -0.266417       0.842460     -1.014658 -1.859442 -1.441979 -1.293086 -0.988736 -1.372465 -2.766966 -1.654362  0.232904 -1.281969  0.729064 -1.578142  0.042836         0.627361       -1.741366 -0.734323  0.775580 -0.992824  0.876964    0.443914  0.909719  1.204552  0.615197   1.535613 -1.893444 -0.892353
36  -1.464209  0.069023 -1.063400  0.121257  0.773478       0.301824     -0.038040  0.042362  1.740580 -1.633371  0.232767 -0.257416 -0.952632 -0.837023  0.152129 -1.146198 -0.575776  0.400164  0.818444         0.524559       -0.604768  0.185176 -0.888605  0.692786  0.380366    0.006877 -0.677135 -0.314848  0.249808   0.325716 -1.469061  0.718758
37   0.262136 -0.831774 -1.307686  0.023784 -0.380189       0.210332      0.255948 -0.274606  0.372079  0.238200 -0.136524  0.244738  0.372543 -0.415593  0.567476  0.184688  1.456803  0.615589  0.762166         0.001987        0.394113 -1.081480 -0.888605  0.060682 -1.825949   -1.515516 -0.696369 -0.435161  0.036475  -1.683277  0.625921 -0.086797
38  -1.494430 -0.651615 -0.871879  0.422539  0.652263       0.592936     -0.520611  0.182200 -0.990056  0.068057  0.325090 -0.068392 -0.934845 -0.515715  0.232426  0.521600  0.404445  0.203912 -0.728678        -0.297849       -1.577443  0.260237  0.775580  1.746292 -0.421285   -0.424371  0.149953 -0.141223 -0.108016  -0.878554  0.290345  0.313164
39   0.509776  1.611121  1.098045  1.002949 -0.110114       0.210332      0.255948 -0.274606  0.372079 -0.612514 -0.136524  0.244738 -1.103827 -1.153096  0.530673 -0.179043  0.393837  0.450918  0.484871        -2.585172        0.444130  1.977259  0.775580  0.482084  2.061705    2.265383  2.179203  1.924267  1.372453   1.535613 -1.105096 -0.086797
40   0.571896 -0.061552 -1.206063 -0.127965 -0.590720      -0.205541     -1.454652  0.256781  0.830368  2.620200 -0.477409 -0.495127 -0.685818 -0.846185  0.170291 -1.230007 -1.176214  0.588520 -0.531195         0.224723       -0.102236  0.044436  1.607672  0.903487  0.288140   -0.184146  1.169386  2.165613  1.624367   0.730891 -0.305102 -0.892353
41   0.368747 -2.049916 -0.191786 -1.971100 -0.418467      -2.426306      0.486625  1.962811  0.830368  0.918771  2.008208  2.166479  1.377542  0.196920  0.206616 -0.232681 -0.944950  0.441895  1.443636         0.781562       -0.751877 -1.869622 -1.301742  0.271383 -0.932072   -1.310987 -0.398233 -0.985574 -1.779879  -0.878554  1.460128  1.524314
42  -1.310588  0.399590 -0.996954  0.544380  0.584213      -0.496653      2.254270 -0.908540 -0.990056  1.939628 -1.180483 -0.894177 -0.570199 -0.492157  0.477142  0.105908  1.363449  0.687774  0.393804         0.001987        0.394113 -1.081480 -0.888605  0.060682 -1.825949   -1.515516 -0.936802 -1.001423 -0.771466  -1.683277  0.013732 -1.292314
43   0.764132  0.257446  0.605564  0.765911 -0.012292       0.592936     -0.520611  0.182200 -0.990056  0.068057  0.325090 -0.068392  0.354756 -0.032772  0.487179  0.122670 -1.617526 -0.958934 -0.337805         1.192766       -0.020794  1.067143 -0.888605  1.956993 -0.038195    0.626253  0.130718 -0.575646  0.057657  -0.073832  0.690706  0.313164
44   0.285641  0.662391  1.692150  0.951997  0.128062       0.210332      0.255948 -0.274606  0.372079 -1.122943 -0.136524  0.244738 -0.721393  0.326491  0.890577  0.531657  1.694433 -0.498759 -1.463356         0.627361       -1.741366 -0.734323  0.775580 -0.571422  0.876964    0.443914  0.121101 -0.123212 -0.960590   1.535613  0.290345 -0.086797
45   0.910197  0.444217  0.900662  1.025102 -0.163278       0.085570      0.438594 -1.076346 -0.990056 -0.442371 -1.883558 -1.574854 -0.285598 -0.127005  0.201837 -0.955114 -0.272374 -1.456330 -1.173782        -2.585172        0.444130  1.977259  0.775580  1.535591  2.061705    2.265383  1.505992  2.863716  1.743137   1.535613 -0.134038 -1.697908
46   0.390993  0.644210  1.492812  0.609732  0.425783       1.241699      0.040167  1.058522 -0.990056 -1.122943 -0.093914  0.544503 -1.290596 -1.420743  0.504863 -0.034891 -0.499395  0.083229 -0.510730        -0.297849       -1.577443  0.260237  0.775580  2.167694 -0.421285   -0.424371  1.265559 -0.012985  1.237039  -0.878554 -1.763145 -0.086797
47   0.416176 -0.901194  0.345644  0.551026  0.704364       0.592936     -0.520611  0.182200 -0.990056 -0.102086  0.325090 -0.068392  1.493161  0.543095  0.549314 -0.200833 -0.486665 -0.894645  1.718885         0.781562       -0.751877 -1.869622 -1.301742  0.060682 -0.932072   -1.310987 -0.177035 -0.567721 -1.212504  -0.878554  1.236654  0.313164
48   0.321318 -0.380549 -0.328587 -0.045999  0.402390       0.692746     -1.612063 -0.731411  0.830368  0.578486  0.822214  0.364071 -0.009890 -0.177393  0.854730 -0.708716  0.098922 -1.772137  0.447012        -0.597685        2.284891 -0.912593 -0.888605  0.482084 -1.123617   -0.827642 -1.090678 -0.077824 -0.834255  -1.278102 -0.073620  1.524314
49  -1.725700  0.247529  0.212752  0.343895 -0.269607       0.301824     -0.038040  0.042362  1.740580 -0.952800  0.232767 -0.257416  0.114623  1.543010  0.281656  0.315430  0.765132  0.779132 -0.576217         0.130489        0.203912 -0.274573  0.356624  0.271383 -0.080761    0.323318  0.246126  0.391179  0.376143  -0.073832  1.321821  0.718758
50   0.447656 -1.479687 -0.750713 -1.391797 -2.086765      -2.426306      0.486625  1.962811  0.830368  1.088914  2.008208  2.166479  1.324179  0.581705  0.679797 -0.685249 -1.106198 -1.505957  1.312663         0.524559       -0.604768  0.185176 -0.888605  0.903487  0.380366    0.006877 -0.619431 -0.738464 -0.443901   0.325716  1.418636  1.524314
51   0.400227  0.029354 -0.058894  0.353864  0.490643       0.692746     -1.202625 -0.731411  0.830368  0.408343  0.822214  0.364071  0.007898  0.866366  0.232904  0.461258  0.020419 -0.954423  0.065347         0.224723       -0.102236  0.044436  1.607672 -0.992824  0.288140   -0.184146 -1.840828 -1.211791 -1.590754   0.730891  0.411909  1.524314
52  -1.765574 -1.122674 -1.544155 -1.357460 -2.387676       1.241699      0.040167  1.058522 -0.990056  1.429200 -0.093914  0.544503 -0.543518 -1.060172  0.678841  0.888684  0.283509 -0.248369 -0.482080         0.001987        1.538788 -1.081480 -0.888605  0.482084 -1.825949   -1.515516 -0.234739 -0.270181 -0.128441  -1.683277 -0.507466 -0.086797
53  -1.119612 -0.112790 -0.330541  0.745973 -0.100544      -0.205541     -1.454652  0.256781  0.830368  1.259057 -0.477409 -0.495127  0.345862 -0.361278  0.207572 -0.308109 -0.200237  0.309933 -0.285620         0.130489        0.203912 -0.274573  0.356624  0.903487 -0.080761    0.323318 -0.898333 -0.669302 -0.434823  -0.073832  0.700897 -0.892353
54   0.517751  1.563188  0.460947  0.366048 -0.747023       0.692746     -1.202625 -0.731411  0.830368 -0.952800  0.822214  0.364071  0.852808  0.653688  0.241985 -0.904829 -1.101955  0.675367  0.988300        -0.297849       -1.577443  0.260237  0.775580  0.692786 -0.421285   -0.424371 -1.658099 -1.283114 -1.012032  -0.878554  0.532746  1.524314
55  -1.588449 -0.747480 -0.172243 -1.493701 -1.635931      -0.496653      2.254270 -0.908540 -0.990056  1.429200 -1.180483 -0.894177 -1.103827 -1.031378  0.638692 -0.259499  0.557207  0.724994 -0.391012         0.524559       -0.604768  0.185176 -0.888605 -0.571422  0.380366    0.006877  1.102065  1.077755  1.321767   0.325716 -0.760786 -1.292314
56   0.674310 -0.173945  1.535807 -1.554622 -0.348290       0.842460     -0.661877 -1.859442 -1.441979 -0.612514 -0.988736 -1.372465  0.167986 -0.225164  0.756270  1.240681  0.364133 -0.255136 -0.003209         0.224723       -0.102236  0.044436  1.607672 -1.414227  0.288140   -0.184146 -1.475370 -0.539624 -1.149715   0.730891 -0.073620 -0.892353
57   0.651224  0.416119  0.713050  0.126795  0.240771       0.210332      0.255948 -0.274606  0.372079  0.068057 -0.136524  0.244738  0.906171  2.095974 -2.156895 -1.184751 -0.633061 -0.402889 -1.483821         1.192766       -0.020794  1.067143 -0.888605  0.271383 -0.038195    0.626253 -0.148183 -1.121736 -0.780544  -0.073832  1.038657 -0.086797
58   0.540836  0.272322  1.698013  1.320845  0.754339       0.085570      1.537803 -1.076346 -0.990056 -0.102086 -1.883558 -1.574854 -0.703606 -0.908352  0.178895  1.195425  1.191592  1.197576  0.155392         0.781562       -0.751877 -1.869622 -1.301742  0.060682 -0.932072   -1.310987 -0.215504 -0.523774 -1.779879  -0.878554 -0.364792 -1.697908
59   0.309985 -0.035106  0.519575  0.920982  1.131806      -2.426306      0.486625  1.962811  0.830368 -0.102086  2.008208  2.166479  2.097939  1.667345  0.787816  1.116644  1.974496 -0.954423 -0.961974        -0.597685        2.284891 -0.912593 -0.888605 -0.150019 -1.123617   -0.827642 -1.359963 -1.311931 -1.401629  -1.278102  1.321821  1.524314
60   0.535379  1.318568  0.199072  0.734897 -0.219633       0.301824     -0.038040  0.042362  1.740580  0.408343  0.232767 -0.257416  0.043473  0.926571  0.440817  0.762970  0.213493 -0.100616 -0.192506        -2.585172        0.444130  1.977259  0.775580  0.482084  2.061705    2.265383  0.448089  0.068424  0.356474   1.535613  0.411181  0.718758
61  -1.820139 -2.145781 -2.447038 -2.022052 -1.961297      -0.496653      2.160533 -0.908540 -0.990056  0.918771 -1.180483 -0.894177 -0.107722 -0.553670  0.469494  0.654018 -0.302078  0.268201  0.090928        -0.297849       -1.577443  0.260237  0.775580  1.535591 -0.421285   -0.424371  0.842398 -0.226234  1.372453  -0.878554 -0.760786 -1.292314
62   0.231076 -0.527652  0.959291  0.892183  1.223248       0.692746     -1.202625 -0.731411  0.830368 -0.102086  0.822214  0.364071 -1.059358 -0.161033 -1.866774  0.711009 -0.694590  0.480243  0.304783         0.781562       -1.307043 -1.869622 -1.301742 -1.624928 -0.932072   -1.310987 -0.119331  0.357319  0.867868  -0.878554 -0.741131  1.524314
63   0.923629  0.733464  0.328055  0.059228  0.622491       0.210332      0.255948 -0.274606  0.372079 -1.293086 -0.136524  0.244738  0.061260  3.069713 -1.928430  0.359011 -0.940706  0.421593 -0.018557         0.524559       -0.604768  0.185176 -0.888605  0.903487  0.380366    0.006877 -0.975271 -1.010789 -0.973451   0.325716  1.200257 -0.086797
64   0.571896  0.269016 -0.725308 -0.206608 -0.298316      -0.205541     -1.454652  0.256781  0.830368  2.960485 -0.477409 -0.495127 -0.419004 -0.464018  0.170769 -2.483790 -1.167727 -2.507517 -1.031554         0.001987        1.538788 -1.081480 -0.888605 -1.414227 -1.825949   -1.515516 -1.292642 -0.841486 -1.149715  -1.683277  0.131656 -0.892353
65  -1.375227  0.389673 -0.846474  0.648500  0.778794       0.592936     -0.520611  0.182200 -0.990056 -0.102086  0.325090 -0.068392 -1.050464 -1.196940  0.607625 -0.794201 -1.082860  0.184738 -0.699004         0.224723       -0.102236  0.044436  1.607672  0.060682  0.288140   -0.184146  0.938571  0.317695  0.741532   0.730891 -0.935489  0.313164
66   1.127197  0.282239 -1.184566 -0.616440  0.936161       1.241699      0.336012  1.058522 -0.990056 -0.612514 -0.093914  0.544503  0.541525 -0.683240  0.937895  1.227272 -0.270252 -0.593501 -0.222180        -0.597685        2.187276 -0.912593 -0.888605 -0.150019 -1.123617   -0.827642 -0.936802 -0.653453 -0.695816  -1.278102  0.957856 -0.086797
67   0.309985  1.115269  1.447863  0.708313  0.086594       0.842460     -1.194992 -1.859442 -1.441979 -1.122943 -0.988736 -1.372465 -0.934845 -1.094200  0.089038 -1.680900 -0.456961 -2.567294 -1.448008         0.130489        0.203912 -0.274573  0.356624  0.482084 -0.080761    0.323318  2.102264  2.092849  1.582759  -0.073832 -1.711462 -0.892353
68  -1.741230 -1.635054 -1.352635 -0.831325 -2.281347       0.085570      1.537803 -1.076346 -0.990056 -1.633371 -1.883558 -1.574854  0.594888  0.550294  0.599021  1.634584  1.197957  0.748679  0.942254         0.627361       -1.741366 -0.734323  0.775580 -0.782123  0.876964    0.443914 -0.782925 -0.504322 -0.897044   1.535613  0.714728 -1.697908
69   1.355530  0.381409 -0.737033 -0.919937  0.172720      -2.426306      0.486625  1.962811  0.830368 -1.463228  2.008208  2.166479  3.263027  2.009594 -1.912658  0.146136 -0.611844  0.183610 -0.813606         1.192766        0.287287  1.067143 -0.888605  2.799798 -0.038195    0.626253  0.073015 -0.824916 -0.014967  -0.073832  1.564222  1.524314
70  -1.487714  0.607848 -0.707719  0.017138 -0.331278       0.301824     -0.038040  0.042362  1.740580 -0.442371  0.232767 -0.257416 -0.036571  0.672665  0.678841  0.392534  0.378985  0.387757  0.944301         1.192766        0.287287  1.067143 -0.888605  0.060682 -0.038195    0.626253 -1.148382 -0.670023 -0.847115  -0.073832  0.168781  0.718758
71   0.635275  0.412813 -1.317458 -0.177809  0.035556      -2.426306      0.486625  1.962811  0.830368 -0.782657  2.008208  2.166479  1.190772  0.842154 -2.164543 -2.545809 -2.024890 -0.986004 -1.460286        -0.297849       -1.577443  0.260237  0.775580  0.482084 -0.421285   -0.424371 -0.600196 -0.275224  0.084135  -0.878554  1.564222  1.524314
72   0.278925 -1.127632  1.125406  0.357187  2.810736       0.692746     -1.612063 -0.731411  0.830368 -0.782657  0.822214  0.364071 -0.721393 -0.763731  0.170769 -0.878010 -1.473251 -1.751836 -2.074224         0.130489        0.203912 -0.274573  0.356624  2.589097 -0.080761    0.323318  0.573114  0.629644  0.955622  -0.073832 -1.105096  1.524314
73   1.059621  0.832634  1.139086  1.531299  0.286492      -0.496653      2.160533 -0.908540 -0.990056 -0.952800 -1.180483 -0.894177  1.164091  0.780641  0.814581  0.228269  0.429905  0.490394 -0.011395         0.781562       -0.751877 -1.869622 -1.301742 -1.203525 -0.932072   -1.310987 -1.311876 -1.132543 -1.590754  -0.878554  0.666685 -1.292314
74   0.447236 -0.821857  0.697416  1.004056  0.114240       0.592936     -0.011093  0.182200 -0.990056 -0.442371  0.325090 -0.068392  0.354756  0.856550  0.585638  0.407620  0.563572  0.470092  1.304477         0.001987        1.538788 -1.081480 -0.888605 -0.150019 -1.825949   -1.515516 -1.148382 -0.790336 -0.645130  -1.683277  1.176235  0.313164
75   0.820375 -0.454927 -0.180061 -2.378716 -0.728947       1.241699      0.336012  1.058522 -0.990056 -1.122943 -0.093914  0.544503 -1.219446 -1.112523  0.260148 -0.576297  0.151964  0.058415 -1.111365         0.627361       -1.741366 -0.734323  0.775580 -0.360720  0.876964    0.443914  1.505992  2.675682  1.372453   1.535613 -1.298726 -0.086797
76   0.674310 -0.081386  0.988605 -2.188200 -1.766716       0.842460     -0.661877 -1.859442 -1.441979 -0.612514 -0.988736 -1.372465 -0.054359 -1.013710 -1.670810 -0.427117 -0.896151  0.627996 -0.511753        -2.585172        0.444130  1.977259  0.775580  0.271383  2.061705    2.265383  2.092647  1.199509  2.002616   1.535613 -1.529479 -0.892353
77   0.509776  0.034313  1.139086  1.246632  0.141885       0.085570      1.537803 -1.076346 -0.990056 -0.272229 -1.883558 -1.574854 -0.712500  0.533934  0.477142  1.192072  1.972374  0.738528 -1.307825         0.224723       -0.102236  0.044436  1.607672  0.060682  0.288140   -0.184146 -0.513641  0.115973 -0.708676   0.730891 -0.449960 -1.697908
78  -1.557809 -0.342534 -1.008680  0.842339  0.398137      -0.205541     -1.454652  0.256781  0.830368  2.450057 -0.477409 -0.495127  0.150198 -0.572648  0.567476  1.483727  1.531062  1.054335  0.883930         0.524559       -0.074175  0.185176 -0.888605 -0.992824  0.380366    0.006877 -0.744456 -0.592936 -1.086169   0.325716  0.405358 -0.892353
79  -1.820139 -2.350733 -2.042499 -1.586744 -1.684843       0.210332      0.255948 -0.274606  0.372079  1.939628 -0.136524  0.244738  1.439799  1.745873  0.504863 -0.566240  0.081948  0.939291 -0.784955        -0.597685        2.187276 -0.912593 -0.888605 -1.624928 -1.123617   -0.827642 -1.427284 -1.115973 -0.897044  -1.278102  0.556767 -0.086797
80   0.510196 -1.539189 -1.499207 -2.565909  0.888313       0.301824     -0.038040  0.042362  1.740580 -0.782657  0.232767 -0.257416 -0.587987 -0.792524 -1.920305 -1.171341  0.228345  1.297958  0.613798        -0.297849       -1.577443  0.260237  0.775580  1.324889 -0.421285   -0.424371 -0.138566 -0.007942  1.029758  -0.878554 -1.590625  0.718758
81  -1.486035  0.459092  0.498078  1.321953  1.003148      -2.426306      0.486625  1.962811  0.830368 -0.272229  2.008208  2.166479  2.275815  0.647798  0.415007 -0.505898 -1.010722  0.948314 -0.716399         0.130489        0.203912 -0.274573  0.356624  0.060682 -0.080761    0.323318  0.159570 -0.887594 -0.561159  -0.073832  1.564222  1.524314
82   0.325935 -0.083039 -0.291455  0.227592  0.234391       0.592936     -0.011093  0.182200 -0.990056  0.408343  0.325090 -0.068392  0.070154  0.255162  0.729026  2.328522 -0.314808 -0.300251 -1.161504         0.627361       -1.741366 -0.734323  0.775580 -0.571422  0.876964    0.443914 -0.705987 -0.584291 -1.023380   1.535613  0.581517  0.313164
83   0.333070 -0.160722  0.660284 -1.022949 -1.809247       0.842460     -0.661877 -1.859442 -1.441979 -0.952800 -0.988736 -1.372465 -0.997101 -1.105979  0.725203  0.436115 -0.032623 -1.675140  0.506359         1.192766        0.287287  1.067143 -0.888605  1.114188 -0.038195    0.626253  0.823164 -0.005781  0.792218  -0.073832 -1.893444 -0.892353
84   0.781760 -1.165648  0.064226 -0.976427 -0.855478       0.085570      1.537803 -1.076346 -0.990056 -0.442371 -1.883558 -1.574854 -1.121614  0.406327 -1.828059 -0.113672  0.128625  1.343073  1.066065        -0.597685        2.187276 -0.912593 -0.888605  1.746292 -1.123617   -0.827642 -0.167418 -0.037480  0.820208  -1.278102 -0.813924 -1.697908
85  -1.209853 -0.276421 -0.236735  0.220946 -0.283430       1.241699      0.336012  1.058522 -0.990056  0.748629 -0.093914  0.544503 -0.223341 -0.755224  0.495304  1.141787  1.388909  0.754319  0.736585         0.524559       -0.604768  0.185176 -0.888605 -0.360720  0.380366    0.006877 -0.100097 -0.353031 -0.140545   0.325716 -0.255602 -0.086797
86  -1.820139 -2.773859 -0.815205 -0.799203 -1.104288      -0.496653      2.160533 -0.908540 -0.990056  1.088914 -1.180483 -0.894177  0.141305  0.439046  0.317025 -0.435498  0.480826  1.154717  0.809235         0.224723       -0.102236  0.044436  1.607672 -0.571422  0.288140   -0.184146 -0.590579 -0.520892 -1.023380   0.730891 -0.032856 -1.292314
87  -1.274072 -0.640045 -0.021763  1.032855  1.213679       0.210332      0.255948 -0.274606  0.372079 -0.102086 -0.136524  0.244738  1.448692  1.245915  0.434125 -0.465670  0.707847 -0.463794  1.193969         0.001987        1.538788 -1.081480 -0.888605 -0.360720 -1.825949   -1.515516 -0.811777 -0.448128 -0.960590  -1.683277  0.727103 -0.086797
88   0.772946  1.849129  1.834813  1.059439  0.880870       0.692746     -1.612063 -0.731411  0.830368 -0.782657  0.822214  0.364071 -0.641349 -0.724467  0.317503 -0.066739  1.136428 -1.339031  0.418361        -2.585172        0.444130  1.977259  0.775580 -0.360720  2.061705    2.265383  2.188820  0.337867  2.002616   1.535613 -1.711462  1.524314
89  -1.765574 -0.846650 -1.026268 -1.296539 -1.843272      -0.205541     -1.454652  0.256781  0.830368  1.429200 -0.477409 -0.495127  0.203561 -0.655756  0.608103  0.726094  1.993591  0.448663  2.500632         0.781562       -0.751877 -1.869622 -1.301742 -0.782123 -0.932072   -1.310987  0.515410 -0.611667 -1.590754  -0.878554  0.223375 -0.892353
90  -1.102403 -0.139235 -0.836702  0.811325  0.652263      -0.496653      2.160533 -0.908540 -0.990056  1.088914 -1.180483 -0.894177  0.256924 -0.372403  0.605713  0.843427  0.975180  0.062927 -0.345990         0.001987        1.538788 -1.081480 -0.888605 -0.571422 -1.825949   -1.515516 -0.946419 -0.878949 -0.708676  -1.683277  0.184067 -1.292314
91   0.375882  0.490496  1.058960  0.599763  0.228011      -0.205541     -1.454652  0.256781  0.830368 -0.442371 -0.477409 -0.495127  0.639357  0.641909  0.725203  0.461258 -0.333903  0.937035  1.435451         0.524559       -0.074175  0.185176 -0.888605 -0.782123  0.380366    0.006877 -0.504023 -0.650571 -0.582341   0.325716  0.909085 -0.892353
92   0.553008 -0.102873  0.134580 -0.753789  1.881423       1.241699      0.336012  1.058522 -0.990056  0.578486 -0.093914  0.544503 -0.641349 -0.294530  0.743843  0.605409  1.161888 -0.401761 -0.737887        -0.597685        2.187276 -0.912593 -0.888605  0.692786 -1.123617   -0.827642  0.149953  0.553998  0.048579  -1.278102  0.347851 -0.086797
93  -1.867569 -0.593766 -0.457570  0.624131  0.719250       0.210332      0.255948 -0.274606  0.372079  1.599343 -0.136524  0.244738  0.710507  0.747921  0.652075 -0.068415  0.224101 -0.992771  0.638355        -0.297849       -1.577443  0.260237  0.775580  0.482084 -0.421285   -0.424371 -0.715604 -0.338622 -0.241916  -0.878554  0.617185 -0.086797
94   0.542095  0.469009 -0.285592  0.475706 -0.500340       0.210332      0.255948 -0.274606  0.372079 -0.442371 -0.136524  0.244738  0.514844  0.113158  0.689834 -0.826048 -0.514247 -0.451387  3.147312         0.524559       -0.604768  0.185176 -0.888605 -0.150019  0.380366    0.006877 -0.321295 -0.879670 -1.149715   0.325716 -0.449960 -0.086797
95   0.600018 -0.464844 -0.326632  0.492321  1.052059       0.592936     -0.520611  0.182200 -0.990056  0.408343  0.325090 -0.068392  0.363649  0.030704 -1.884936 -1.343988 -0.599114  1.018243 -0.438081         0.130489        0.203912 -0.274573  0.356624 -0.992824 -0.080761    0.323318  0.726991 -0.056932  0.187019  -0.073832  0.690706  0.313164
96   0.600018 -0.464844 -0.326632  0.492321  1.052059       0.592936     -0.011093  0.182200 -0.990056  0.068057  0.325090 -0.068392  0.372543  0.086982 -1.912658 -0.386889  0.610249  1.207727 -0.651936         0.130489        0.203912 -0.274573  0.356624 -0.782123 -0.080761    0.323318  0.900102  0.577052  0.565268  -0.073832  0.690706  0.313164
97   1.027302 -0.228488 -0.821068 -0.413739  0.913832       0.210332      0.255948 -0.274606  0.372079 -1.293086 -0.136524  0.244738  0.256924  0.132135 -1.912658 -0.251119 -0.253279  0.365199 -0.153623         0.524559       -0.074175  0.185176 -0.888605 -0.992824  0.380366    0.006877  1.188621 -0.661377  0.035719   0.325716  1.127464 -0.086797
98  -1.309749 -0.332617  0.373004  0.649607  0.166341      -2.426306      0.486625  1.962811  0.830368  0.578486  2.008208  2.166479  1.795550  2.155524  0.340445  1.802202  0.913651  0.110298 -1.459263        -0.297849       -1.577443  0.260237  0.775580 -0.782123 -0.421285   -0.424371 -0.003924 -0.796819 -0.266881  -0.878554  1.418636  1.524314
99   0.278925  0.802883 -0.105797  0.863385  0.710744      -0.205541     -1.454652  0.256781  0.830368  0.238200 -0.477409 -0.495127 -0.410111 -0.376329 -1.550842 -0.162281  0.603884  0.208424  0.732493        -2.585172        0.444130  1.977259  0.775580  0.271383  2.061705    2.265383  2.486956  2.100054  1.851316   1.535613  0.249581 -0.892353
100  0.510196 -1.258207 -1.669230 -2.868298 -0.563074      -0.205541     -1.454652  0.256781  0.830368 -0.102086 -0.477409 -0.495127 -1.166083 -1.213955  0.908739  0.923883  1.208566  1.008092  1.074251        -2.585172        0.444130  1.977259  0.775580 -1.414227  2.061705    2.265383  1.938770  1.927149  1.851316   1.535613 -1.024296 -0.892353
101  0.673890  0.351658 -0.475158 -0.214362 -0.844846       0.592936     -0.011093  0.182200 -0.990056 -0.102086  0.325090 -0.068392  0.336968  0.272176  0.542144  0.989254  0.062853  0.252411  0.380502         1.192766        0.287287  1.067143 -0.888605 -0.782123 -0.038195    0.626253 -0.013541  0.157758 -0.140545  -0.073832  0.569870  0.313164
102  0.278505 -1.061519 -1.041903 -2.441852  0.130189       1.241699      0.336012  1.058522 -0.990056  0.068057 -0.093914  0.544503 -1.246127 -0.956123  1.252870  1.441823 -0.548194  0.586264  2.095433         0.524559       -0.074175  0.185176 -0.888605 -1.414227  0.380366    0.006877  0.342299 -0.168599 -0.014967   0.325716 -1.108008 -0.086797
103  1.365183  0.369839 -0.387215 -0.891138 -0.648137       0.592936     -0.011093  0.182200 -0.990056 -1.293086  0.325090 -0.068392  1.030684 -0.583772  0.263494  0.191393  0.200763 -0.224683  2.251987         1.192766        0.287287  1.067143 -0.888605  0.060682 -0.038195    0.626253  0.034545 -0.351590  0.413968  -0.073832 -0.012474  0.313164
104  0.724677  0.665697  0.449221  0.897722  0.841528      -0.205541     -1.454652  0.256781  0.830368  0.748629 -0.477409 -0.495127 -0.694712 -0.315471  0.260626 -2.410038 -1.345949 -2.628200  0.022372         0.224723       -0.102236  0.044436  1.607672 -0.360720  0.288140   -0.184146  0.198039  0.618837 -0.582341   0.730891  0.229927 -0.892353
105  0.724677  0.665697  0.449221  0.897722  0.841528      -0.205541     -1.454652  0.256781  0.830368  0.748629 -0.477409 -0.495127 -0.694712 -0.315471  0.260626 -2.410038 -1.345949 -2.628200  0.022372         0.224723       -0.102236  0.044436  1.607672 -0.360720  0.288140   -0.184146  0.198039  0.618837 -0.582341   0.730891  0.229927 -0.892353
106  0.870743  1.875575  0.312421  0.938705  1.759145       0.301824     -0.038040  0.042362  1.740580 -1.973657  0.232767 -0.257416 -0.267810 -0.846839  0.607625 -0.385213  0.434149  0.764470  0.119579        -0.297849       -1.577443  0.260237  0.775580  2.378395 -0.421285   -0.424371 -0.061628 -0.128255  0.934440  -0.878554 -1.347497  0.718758
107  0.547551  1.268983  0.644650  0.753727 -0.016545      -0.205541     -1.454652  0.256781  0.830368  2.279914 -0.477409 -0.495127  0.070154 -0.433262  0.621485 -0.715420 -1.301394 -3.091760 -0.831001         0.224723       -0.102236  0.044436  1.607672 -1.414227  0.288140   -0.184146  0.977041  0.487718  0.111369   0.730891  0.189163 -0.892353
108  0.637793  0.692143  1.670653  0.953104  0.015354      -0.205541     -1.454652  0.256781  0.830368  1.088914 -0.477409 -0.495127 -0.196660 -0.385491  0.434125  0.365716  0.395958 -0.149115 -0.843280         0.224723       -0.102236  0.044436  1.607672  0.482084  0.288140   -0.184146  0.515410  1.345757  0.236948   0.730891  0.484702 -0.892353
109  0.574414 -0.983835 -0.176152 -2.498342  0.021734      -2.426306      0.486625  1.962811  0.830368  0.068057  2.008208  2.166479  1.840019  1.412131  0.504863 -0.678544 -0.125977  0.796050  0.212692         0.130489        0.203912 -0.274573  0.356624 -1.835629 -0.080761    0.323318 -0.109714 -0.790336 -0.645130  -0.073832  1.564222  1.524314
110  0.950491  0.806188 -0.834748 -0.040460  1.019097       0.210332      0.255948 -0.274606  0.372079 -0.102086 -0.136524  0.244738  0.968428  0.548330  0.507731 -0.799229  0.697238 -1.072851 -1.501216        -2.585172        0.444130  1.977259  0.775580  0.692786  2.061705    2.265383  2.410018  1.435091  1.851316   1.535613  0.087253 -0.086797
111 -1.788660  0.240918 -0.525970  0.052583 -0.807631       0.210332      0.255948 -0.274606  0.372079 -0.612514 -0.136524  0.244738 -0.863694 -0.511135  0.630089 -1.506577 -1.558118 -2.977844 -0.127020        -2.585172        0.444130  1.977259  0.775580  0.060682  2.061705    2.265383  2.679302  1.937235  2.002616   1.535613 -0.364792 -0.086797
112  0.854373  1.549966  1.676515 -0.047106  2.560864      -2.426306      0.486625  1.962811  0.830368 -1.122943  2.008208  2.166479  1.626568  0.820559  0.178895  1.205482  0.890312 -1.004050 -2.222592         0.130489        0.203912 -0.274573  0.356624 -0.992824 -0.080761    0.323318  0.486558  1.015077  0.615954  -0.073832  1.564222  1.524314
113  0.325935 -0.111137  0.808810  0.905475 -0.133506       0.592936     -0.011093  0.182200 -0.990056  0.238200  0.325090 -0.068392  0.594888  0.326491 -1.710959  0.090822 -0.558802  0.488138  0.149252         0.224723       -0.102236  0.044436  1.607672 -0.571422  0.288140   -0.184146  0.149953 -0.280267 -0.267637   0.730891  0.508724  0.313164
114  0.325935 -0.111137  0.808810  0.905475 -0.133506       0.592936     -0.011093  0.182200 -0.990056  0.238200  0.325090 -0.068392  0.594888  0.326491 -1.710959  0.090822 -0.558802  0.488138  0.149252         0.224723       -0.102236  0.044436  1.607672 -0.571422  0.288140   -0.184146  0.149953 -0.280267 -0.267637   0.730891  0.508724  0.313164
115  0.325935 -0.640045 -0.639319  0.469060  1.141375       0.592936     -0.011093  0.182200 -0.990056  0.578486  0.325090 -0.068392  0.248030  0.291808 -1.784564  0.912150 -1.545388  0.477987 -1.115458         0.224723       -0.102236  0.044436  1.607672 -0.992824  0.288140   -0.184146 -0.148183  0.211791  0.236948   0.730891  0.508724  0.313164
116  0.819956  1.087171  0.228386  0.617486 -1.030921       0.301824     -0.038040  0.042362  1.740580 -0.612514  0.232767 -0.257416  1.706612  0.692297  1.252870  0.997635 -1.568727 -0.415295  0.444965         0.524559       -0.074175  0.185176 -0.888605 -0.992824  0.380366    0.006877 -0.273208 -0.336461 -0.266881   0.325716  0.714728  0.718758
117  0.775464 -0.559056  0.097449 -0.495706  3.222228       0.592936     -0.011093  0.182200 -0.990056 -1.122943  0.325090 -0.068392  0.523738 -0.583772 -1.994389  0.798170  0.207128  0.842293 -0.317340         0.224723       -0.102236  0.044436  1.607672 -0.571422  0.288140   -0.184146 -0.648283 -0.463978 -0.708676   0.730891  0.108363  0.313164
118  0.563921  2.379690  0.769725  0.953104 -0.029304       0.210332      0.255948 -0.274606  0.372079 -1.122943 -0.136524  0.244738 -1.281703 -0.960704 -1.655515  0.144460 -0.386945  0.660704  0.750911         0.524559       -0.074175  0.185176 -0.888605  0.060682  0.380366    0.006877 -0.378998 -0.368160  0.351179   0.325716 -0.813924 -0.086797
119  0.557205  1.381376 -0.459524 -0.664069 -0.303632       0.210332      0.255948 -0.274606  0.372079  0.068057 -0.136524  0.244738 -0.774756 -1.139354  0.621008  0.022099  0.866973  1.017115  0.188135         0.524559       -0.074175  0.185176 -0.888605  0.060682  0.380366    0.006877 -0.023158  0.319856  0.338318   0.325716 -0.762241 -0.086797
120 -1.741230 -2.061486 -2.177345 -0.952059 -0.863985       0.210332      0.255948 -0.274606  0.372079 -0.272229 -0.136524  0.244738 -0.730287  0.039866  1.172095  0.498134  0.349281 -0.272054  0.850164         0.524559       -0.074175  0.185176 -0.888605 -1.624928  0.380366    0.006877  1.467523 -0.458935 -0.393216   0.325716 -0.910739 -0.086797
121 -1.819720 -0.549139 -0.611959  0.522227  1.332767       0.592936     -0.011093  0.182200 -0.990056 -0.782657  0.325090 -0.068392  0.568207 -0.437842  0.241985 -1.295378 -0.660643  1.053207  1.776186         0.130489        0.203912 -0.274573  0.356624 -2.046330 -0.080761    0.323318 -0.504023 -0.299719 -0.266881  -0.073832 -0.146413  0.313164
122  0.767489  0.110343  0.589930  0.171101  0.842591      -2.426306      0.486625  1.962811  0.830368 -0.612514  2.008208  2.166479  2.080152  1.135977 -1.136929 -0.826048 -0.802797  0.859212  1.973669         0.524559       -0.074175  0.185176 -0.888605 -0.150019  0.380366    0.006877 -0.811777 -0.691636 -0.720780   0.325716  1.321821  1.524314
123  0.725517 -0.054940 -1.284235  0.031537  0.170594      -2.426306      0.486625  1.962811  0.830368 -0.442371  2.008208  2.166479  1.840019  1.123543 -1.498267  0.007013  0.325943  0.277224  0.267947         0.524559       -0.074175  0.185176 -0.888605  0.060682  0.380366    0.006877 -0.465554 -0.592936 -0.140545   0.325716  1.564222  1.524314
124  0.781340 -0.468150  0.574296  0.730466  0.845781       0.592936     -0.011093  0.182200 -0.990056 -0.272229  0.325090 -0.068392 -0.587987 -0.185246 -1.638787  1.233977 -0.698834  0.365199 -0.012418        -2.585172        0.444130  1.977259  0.775580 -0.360720  2.061705    2.265383  1.294411  1.184379  2.002616   1.535613 -0.328395  0.313164