         0-25     25-30     30-35     35-40       40+  Avg_game_time  Dmg_per_gold    Drag_%      FT_%     Games  Gd_at_15    Gd/min    Gold/M       KDA    O_0-25   O_25-30   O_30-35   O_35-40     O_40+  O_Avg_game_time  O_Dmg_per_gold  O_Drag_%    O_FT_%   O_Games  O_Gd_at_15  O_Gd/min  O_Gold/M     O_KDA      O_WR  O_Winrate        WR   Winrate
0   -0.621264  0.518912 -0.210362 -0.284742 -0.872296      -2.433951      0.617977  1.955009  0.802792  1.070552  2.151677  1.981226  1.804776  0.554349  0.369038 -0.338574 -1.231168 -0.958676 -1.179687         0.621541        0.853438 -0.677230  0.838320  0.329513    0.478050  0.921900 -0.266854 -0.506408  0.042068   1.567546  1.625011  1.479415
1    0.711662  1.628272  1.266243  1.004592  0.503338       0.828653     -0.996898 -1.778592 -1.416936 -1.227431 -1.316665 -0.942232 -2.041658 -0.901297  1.260106  1.088893 -0.937041 -0.244513  0.370005        -0.622906        2.563653 -0.853274 -0.851929  0.095950   -0.793707 -1.071863 -0.800616  0.384399 -0.311067  -1.214030 -1.845084 -0.862958
2    0.622522 -0.215367 -0.803729 -0.038848  0.269300      -0.217372     -1.470182  0.288548  0.802792  0.134337 -0.456830 -0.443443 -0.258481 -0.498178 -0.599891 -1.423019 -1.005935  1.043126 -0.610009         1.195902        0.087395  1.101739 -0.851929 -0.137613    0.660419  0.009860 -0.981894 -0.457303 -0.393466  -0.023516 -0.039077 -0.862958
3    1.309180 -0.379083  2.127183  1.217013  0.257047       0.073190      0.566312 -1.013659 -0.975477 -0.801879 -1.515016 -1.815113 -1.434818 -0.874983 -0.748402  0.625889 -0.066582  0.107880  1.849065         0.517112       -0.539781  0.230785 -0.851929 -0.137613    0.040944  0.426995  0.297121  0.952911  0.678617   0.371468 -1.412404 -1.643749
4    0.260389  0.377188 -0.105067  0.416249 -0.132607      -0.507935      2.519367 -0.849745 -0.975477 -0.035884 -0.847919 -1.129278 -0.445201 -0.317144 -1.159331 -0.467785 -1.929390 -1.175739 -1.444135         0.116801        0.328725 -0.223223  0.412803  2.431581    0.357436 -0.032561  0.417973 -0.204862  0.253044  -0.023516 -0.330703 -1.250623
5   -0.100351  0.230576 -0.282210 -0.089057 -1.757390       0.289037      0.053615  0.079102  1.691927 -0.886989 -0.223861  0.249320 -1.388138 -0.211365  0.950106 -0.301657  0.244770  0.970102 -0.951816        -0.013736        0.532997 -1.020052 -0.851929 -0.487957   -1.481691 -1.771801 -1.908425 -0.925530  0.106357  -1.614577 -1.236736  0.698624
6    1.805023  1.640490  1.558591 -0.439230 -0.330293       1.227139      0.137739  1.071694 -0.975477 -0.886989  0.562060 -0.069351 -0.659929 -0.862353 -0.454263 -1.181518  0.365336  0.001358  0.430126        -2.641869        0.586714  2.000489  0.838320  1.730892    2.299808  2.102604  2.109899  1.447420  2.175367   1.567546 -0.883669 -0.082167
7    1.963805  0.881776  0.449898 -0.625904  0.378354       0.579600     -0.465469  0.215697 -0.975477  0.304557 -0.038608  0.339379 -0.071761  2.305229  0.821781 -0.173985  0.715109  0.014087  0.405741         0.778185       -1.092325 -1.798351 -1.271536 -0.371176   -1.277129 -0.880970 -1.153101 -0.795506 -1.493618  -0.819046  0.521677  0.305499
8   -1.356672  0.209806  0.079508  0.286221 -1.173726       0.197717      0.369847 -0.230514  0.355116  0.304557  0.268275 -0.110917 -0.538561  0.947995  0.014341 -0.177061  0.256694 -1.591776  2.451536        -0.318321       -1.584414  0.304909  0.838320  0.329513   -0.390373 -0.371925 -0.327280 -0.380533 -0.751128  -0.819046  0.583117 -0.082167
9   -0.598979 -0.228806 -0.378834 -1.425381  1.587343       0.679221      0.874508 -0.676724  0.802792 -0.631658  0.385228  0.824313  0.301679  1.471627  2.465498  0.784325  0.740282 -0.913120 -0.137450         0.212527       -0.000071  0.091803  1.683445 -1.071865   -0.150109  0.335084 -0.125860 -0.136391  0.091869   0.772015  1.389633  1.479415
10   0.284067  0.666745  0.993715 -0.171451 -0.768960       0.828653     -0.996898 -1.778592 -1.416936 -1.142320 -1.316665 -0.942232 -0.025081 -0.526597 -0.158682 -1.023082 -0.816475 -1.972976  1.721255        -0.318321       -1.584414  0.304909  0.838320 -0.020831   -0.390373 -0.371925 -0.548842  0.060721  0.140765  -0.819046 -1.639128 -0.862958
11  -0.091994 -0.525695 -1.700593 -1.422806  0.799050      -0.507935      2.519367 -0.849745 -0.975477  1.325883 -0.847919 -1.129278  0.161639 -0.193472  0.183038  0.508984  0.976114 -0.042189  1.043108         0.621541        0.853438 -0.677230  0.838320 -1.188647    0.478050  0.921900 -0.216499 -0.907548 -1.870296   1.567546 -0.090133 -1.250623
12   1.892771  0.790143 -0.745507 -0.862786 -0.798368      -2.433951      0.617977  1.955009  0.802792 -0.972100  2.151677  1.981226  1.636728  2.284179 -0.008729  0.596663  1.010562  2.567925  0.153485        -0.013736        0.532997 -1.020052 -0.851929 -1.655773   -1.481691 -1.771801 -1.566011 -0.389524 -1.417558  -1.614577  1.890677  1.479415
13  -3.005767  7.515944  1.765464  0.183229 -2.379448       0.197717      0.369847 -0.230514  0.355116 -0.461437  0.268275 -0.110917 -1.192081 -0.250834 -1.369843 -0.600072 -0.005636 -0.522541 -0.177811         1.195902        0.087395  1.101739 -0.851929 -0.020831    0.660419  0.009860  0.478399 -0.709053  0.958409  -0.023516 -1.147603 -0.082167
14  -1.211819 -0.735838 -0.658794  0.646050 -0.330293       0.679221      0.874508 -0.676724  0.802792  0.559889  0.385228  0.824313 -0.258481  0.105972 -1.274680  0.402847  0.969490 -0.471625  0.554572         0.517112       -0.539781  0.230785 -0.851929  1.847673    0.040944  0.426995 -1.163172 -0.249125 -0.222331   0.371468  0.549368  1.479415
15  -0.430448 -1.769449 -0.608005 -0.040136  0.128796       0.197717      0.369847 -0.230514  0.355116  0.815220  0.268275 -0.110917  0.096287 -0.599221 -0.744076 -0.889257 -0.458752 -0.913790  1.984022         0.212527       -0.000071  0.091803  1.683445  0.679858   -0.150109  0.335084  0.226624  0.957061  1.508032   0.772015 -0.440604 -0.082167
16   0.933120 -0.569678 -0.140991 -0.070390 -0.175902      -0.217372     -1.470182  0.288548  0.802792  0.559889 -0.456830 -0.443443 -0.902665 -0.575539  1.007780  0.222875  1.366960  0.063663  0.466282        -2.641869        0.586714  2.000489  0.838320 -0.254394    2.299808  2.102604  1.888337  3.631557  2.265915   1.567546 -0.851650 -0.862958
17  -0.430448  0.351531  0.967701 -1.668056  1.713552       0.073190      0.566312 -1.013659 -0.975477 -0.631658 -1.515016 -1.815113 -0.090433  0.339107 -1.888911 -0.936941 -0.391182 -1.987045 -0.702503         1.195902        0.087395  1.101739 -0.851929 -1.071865    0.660419  0.009860 -1.465301 -0.617068 -1.051746  -0.023516  0.178129 -1.643749
18   2.082194  0.996621  0.280188 -0.837682  0.826824       0.579600     -0.465469  0.215697 -0.975477 -0.546547 -0.038608  0.339379 -1.229426  0.787484 -0.338914 -0.315501 -1.080130 -0.982124  0.634453        -0.622906        2.563653 -0.853274 -0.851929  0.212732   -0.793707 -1.071863 -0.709977 -0.719427 -0.426968  -1.214030 -0.052057  0.305499
19  -2.766203 -1.148793 -1.924809  0.187735 -0.762425       0.289037      0.053615  0.079102  1.691927  0.049226 -0.223861  0.249320  0.283007  0.304374 -0.398031 -0.529314 -0.588592 -0.393241 -0.283338         0.778185       -1.092325 -1.798351 -1.271536 -1.772554   -1.277129 -0.880970 -2.260909 -0.810030 -1.870296  -0.819046  1.476169  0.698624
20   1.061259  0.048534  0.164983 -1.511637  1.346362       0.197717      0.369847 -0.230514  0.355116 -0.972100  0.268275 -0.110917 -0.949345 -0.693422 -2.024446 -1.766041 -0.049358 -2.436580 -0.153006         0.778185       -1.092325 -1.798351 -1.271536 -0.254394   -1.277129 -0.880970 -0.327280  0.862309  0.607990  -0.819046 -1.196064 -0.082167
21  -0.706226 -0.434062 -0.830982  0.329993  0.734108      -0.217372     -1.470182  0.288548  0.802792  1.581214 -0.456830 -0.443443 -0.454537 -0.595011 -1.411656  0.944300 -0.766129 -1.569668 -0.684425         0.621541        0.853438 -0.677230  0.838320 -1.188647    0.478050  0.921900 -0.266854 -0.583178 -0.587237   1.567546 -0.483872 -0.862958
22  -0.323201 -0.088304  0.401587 -0.095494 -0.965012       0.289037      0.053615  0.079102  1.691927 -0.972100 -0.223861  0.249320 -0.314497 -0.181894  0.605502 -0.652371  0.736308  0.529276 -0.630610        -0.622906        2.563653 -0.853274 -0.851929 -0.721520   -0.793707 -1.071863 -0.679764 -0.812105 -1.156781  -1.214030  0.699941  0.698624
23   0.006896 -0.104187  0.560148  0.920267 -0.983800      -2.433951      0.617977  1.955009  0.802792 -0.035884  2.151677  1.981226  1.057895  0.915893  1.358152  1.288861  0.470003 -0.907760 -0.705026         0.517112       -0.539781  0.230785 -0.851929 -0.721520    0.040944  0.426995 -1.908425 -0.796197 -0.899626   0.371468  1.977213  1.479415
24   0.732554  0.181706  1.258810 -1.065552 -0.080735       0.073190      0.566312 -1.013659 -0.975477 -1.057210 -1.515016 -1.815113 -0.585241 -0.405030  0.155643  0.427458 -0.930416 -0.204316  1.091457        -0.318321       -1.584414  0.304909  0.838320  0.329513   -0.390373 -0.371925 -0.538771 -0.710436 -0.403426  -0.819046  0.131399 -1.643749
25  -0.433234 -1.307622 -1.461512 -0.671607  0.484549       1.227139      0.137739  1.071694 -0.975477  0.985441  0.562060 -0.069351 -0.454537 -0.625534 -1.731749  0.421306  0.984064 -1.885883  1.919697         0.212527       -0.000071  0.091803  1.683445 -0.137613   -0.150109  0.335084  0.075560  0.953603  1.915496   0.772015 -0.178400 -0.082167
26   0.597451  1.655151 -0.165767 -1.195579  0.021376      -0.507935      2.519367 -0.849745 -0.975477  0.304557 -0.847919 -1.129278 -0.473209 -0.326090 -0.635937 -1.661442 -0.396482 -0.243173  0.289703        -2.641869        0.586714  2.000489  0.838320  2.431581    2.299808  2.102604  2.109899  1.515198  2.062183   1.567546 -0.859438 -1.250623
27  -0.419306 -0.965529  0.425123  0.114353  0.364059       0.579600     -0.465469  0.215697 -0.975477 -0.206105 -0.038608  0.339379 -0.930673 -0.829198  0.952990 -1.129219 -0.351435 -1.344566  1.801977         0.116801        0.328725 -0.223223  0.412803 -0.487957    0.357436 -0.032561  0.488470  0.483301  0.167023  -0.023516 -1.514516  0.305499
28   1.427570  1.382698  0.467241 -0.648433 -0.130973       0.679221      0.874508 -0.676724  0.802792 -1.057210  0.385228  0.824313 -1.425482 -0.705000 -0.030357 -1.375334 -1.117227 -0.195606  0.206879         1.195902        0.087395  1.101739 -0.851929  0.679858    0.660419  0.009860  0.156128 -0.372926  0.180606  -0.023516 -1.567303  1.479415
29   1.913663  0.426058 -0.085247 -0.349112 -0.367461       0.828653     -0.996898 -1.778592 -1.416936 -0.801879 -1.316665 -0.942232 -1.453490 -0.694475  0.670386 -1.169212 -0.514398 -1.412900 -0.900103        -0.013736        0.532997 -1.020052 -0.851929  0.212732   -1.481691 -1.771801 -0.568983 -0.255350  0.393392  -1.614577 -1.993926 -0.862958
30  -0.743832  1.083366  1.558591  0.682741  1.444797       0.679221     -1.639504 -0.676724  0.802792 -0.376326  0.385228  0.824313 -0.043753 -0.541858 -0.297101  0.079821 -0.171249  1.329193 -0.134927        -0.013736        0.532997 -1.020052 -0.851929 -0.371176   -1.481691 -1.771801 -0.407848 -0.523007 -0.135405  -1.614577 -0.547043  1.479415
31   0.798017  0.683850 -0.818594 -0.625904 -1.625055      -2.433951      0.617977  1.955009  0.802792 -0.035884  2.151677  1.981226  1.272623  0.203331  0.591084 -0.497011 -0.144751  0.760408 -0.066818         0.212527       -0.000071  0.091803  1.683445 -0.721520   -0.150109  0.335084 -1.847999 -0.765074 -0.813606   0.772015  1.650106  1.479415
32   0.580737 -0.222698  0.625803 -0.690274  0.321989       0.828653     -0.996898 -1.778592 -1.416936 -0.461437 -1.316665 -0.942232 -0.912001 -0.243993 -0.674867  0.032136  0.297766  1.930806  0.066036         1.195902        0.087395  1.101739 -0.851929 -1.422210    0.660419  0.009860  0.790600  0.340827  1.223713  -0.023516 -1.416730 -0.862958
33  -0.582265  0.134057  0.451137 -0.512612  1.077607      -0.217372     -1.470182  0.288548  0.802792  0.474778 -0.456830 -0.443443 -0.669265 -0.552384 -0.096682 -0.144759  0.418332 -1.696288 -0.251806        -0.622906        2.563653 -0.853274 -0.851929 -1.655773   -0.793707 -1.071863 -1.273953 -0.430330  0.543701  -1.214030 -0.961551 -0.862958
34   2.383042  0.566561 -0.293359 -0.785542 -0.257999      -0.507935      2.519367 -0.849745 -0.975477  0.049226 -0.847919 -1.129278 -0.286489 -0.370296  0.400758 -0.227823 -0.021535 -0.696727  0.562140         1.195902        0.087395  1.101739 -0.851929  0.446295    0.660419  0.009860 -0.297067 -0.539606  0.074665  -0.023516 -0.691559 -1.250623
35  -0.734082  0.035094  0.768260  1.046432  0.559703       0.828653     -0.996898 -1.778592 -1.416936 -1.227431 -1.316665 -0.942232 -2.956586 -1.166007 -0.899797 -0.009396 -1.096029  1.494670 -2.406491         0.621541       -1.760463 -0.677230  0.838320 -0.955084    0.478050  0.921900  0.317263  0.931471  1.034469   1.567546 -2.061424 -0.862958
36  -0.420699 -1.499439 -0.469263  0.118859  0.073656       0.289037      0.053615  0.079102  1.691927 -0.546547 -0.223861  0.249320 -1.052041 -0.589748 -1.619284 -0.473938  0.244770 -0.470285 -0.572171         0.517112       -0.539781  0.230785 -0.851929 -0.137613    0.040944  0.426995 -0.931539 -0.289239  0.199621   0.371468 -1.390770  0.698624
37  -0.119850 -1.488443 -0.225227 -0.083264 -0.637441       0.197717      0.369847 -0.230514  0.355116 -0.120995  0.268275 -0.110917  0.133631 -0.363981 -1.612075  1.565740  2.401706  0.988860 -0.734455        -0.013736        0.532997 -1.020052 -0.851929 -0.137613   -1.481691 -1.771801 -0.931539 -0.651649 -0.346381  -1.614577  0.404853 -0.082167
38  -1.378957 -0.317995 -0.067904  0.468388  0.624645       0.579600     -0.465469  0.215697 -0.975477  0.985441 -0.038608  0.339379 -0.715945 -0.176105 -0.699379 -1.504544 -0.774078 -0.166799  1.123409        -0.318321       -1.584414  0.304909  0.838320  1.030202   -0.390373 -0.371925 -0.377635 -0.052705 -0.220520  -0.819046  0.545907  0.305499
39   1.381607 -0.233693 -0.764089 -1.597893  1.078424       0.197717      0.369847 -0.230514  0.355116 -1.227431  0.268275 -0.110917 -1.192081 -0.791834  0.376247  0.390541  0.117579  1.503379  0.096307        -2.641869        0.586714  2.000489  0.838320 -0.137613    2.299808  2.102604  2.079686  0.553846  1.336897   1.567546 -1.051548 -0.082167
40  -0.132385 -1.148793  0.504404  1.125607  0.324032      -0.217372     -1.470182  0.288548  0.802792  1.921656 -0.456830 -0.443443 -1.014697 -0.550805 -1.623610 -0.816960  0.304390 -1.715716  1.577049         0.212527       -0.000071  0.091803  1.683445  0.563076   -0.150109  0.335084  0.961806  0.663814  1.634799   0.772015 -0.628387 -0.862958
41   0.636450  0.560452 -1.649804 -1.158889 -1.091221      -2.433951      0.617977  1.955009  0.802792  0.985441  2.151677  1.981226  1.197935  0.124392  0.259456 -0.856954 -0.762154  0.811324 -1.479872         0.778185       -0.697773 -1.798351 -1.271536  0.095950   -1.277129 -0.880970 -0.085576 -0.741559 -1.498145  -0.819046  1.492611  1.479415
42  -0.668620 -0.258129 -0.838414 -0.197842 -0.099523      -0.507935      2.519367 -0.849745 -0.975477  0.985441 -0.847919 -1.129278 -0.547897 -0.325564 -1.966772  0.090589  1.313964  1.250139 -1.010676        -0.013736        0.532997 -1.020052 -0.851929 -0.254394   -1.481691 -1.771801 -1.294094 -0.967028 -1.040880  -1.614577 -0.090133 -1.250623
43   0.632271  0.571448  0.651817 -1.478808  2.021109       0.579600     -0.465469  0.215697 -0.975477  2.347209 -0.038608  0.339379  0.124295 -0.199261 -0.030357 -1.375334 -1.117227 -0.195606  0.206879         1.195902        0.087395  1.101739 -0.851929  0.679858    0.660419  0.009860  0.156128 -0.372926  0.180606  -0.023516  0.333893  0.305499
44  -1.147749  0.050977 -0.122410  2.340272 -1.177810       0.197717      0.369847 -0.230514  0.355116  0.134337  0.268275 -0.110917 -1.490834 -0.447131  0.912618  1.371925 -0.563419 -0.787840  0.887550         0.621541       -1.760463 -0.677230  0.838320 -1.422210    0.478050  0.921900 -0.055363 -0.101119 -0.964820   1.567546 -0.552236 -0.082167
45   1.061259  0.048534  0.164983 -1.511637  1.346362       0.073190      0.566312 -1.013659 -0.975477 -0.546547 -1.515016 -1.815113 -0.491881  0.014403 -0.542216  0.079821 -0.718432 -0.174838 -1.006892        -2.641869        0.586714  2.000489  0.838320  1.030202    2.299808  2.102604  1.646633  3.199986  2.084820   1.567546 -0.052923 -1.643749
46   0.349529 -0.607553 -0.578274 -1.121554 -0.020694       1.227139      0.137739  1.071694 -0.975477 -0.376326  0.562060 -0.069351 -0.379849 -0.788150 -2.386352  0.470529  0.573345  0.237179 -0.765987        -0.318321       -1.584414  0.304909  0.838320  1.964455   -0.390373 -0.371925  0.981948 -0.075529  0.916757  -0.819046 -0.890591 -0.082167
47  -0.937434 -0.101743  1.552397 -0.672250  1.518317       0.579600     -0.465469  0.215697 -0.975477  2.262098 -0.038608  0.339379  0.254999  0.005982  0.456991 -1.718357 -2.827672 -0.044198 -1.520232         0.778185       -0.697773 -1.798351 -1.271536 -0.604739   -1.277129 -0.880970 -0.095647 -0.507100 -1.083438  -0.819046  0.319182  0.305499
48  -0.030710 -0.391301 -0.163289  0.869414 -0.642343       0.679221     -1.639504 -0.676724  0.802792  0.049226  0.385228  0.824313  0.311015  0.149652 -2.070585  0.212108 -2.875369 -0.479664  1.017041        -0.622906        2.563653 -0.853274 -0.851929 -0.604739   -0.793707 -1.071863 -0.921468  0.203194 -0.446889  -1.214030  0.560618  1.479415
49  -1.448598  0.620318  2.796114  1.146850 -0.192648       0.289037      0.053615  0.079102  1.691927 -0.631658 -0.223861  0.249320 -0.127777 -0.027699 -0.637379  0.001372  0.268618  2.190745 -0.996802         0.116801        0.328725 -0.223223  0.412803  0.446295    0.357436 -0.032561 -0.015079 -0.252584 -0.064778  -0.023516  0.670519  0.698624
50  -1.023788  0.773039 -0.710822 -0.109655 -0.665216      -2.433951      0.617977  1.955009  0.802792  1.240773  2.151677  1.981226  1.272623  1.148501 -0.377845 -0.203211 -0.951615 -0.395921 -0.344720         0.517112       -0.539781  0.230785 -0.851929  1.263765    0.040944  0.426995 -0.689835 -0.662715 -0.569128   0.371468  1.708086  1.479415
51  -0.190884 -0.216589 -0.081531  1.577486 -0.362968       0.679221     -1.199086 -0.676724  0.802792 -0.035884  0.385228  0.824313 -0.025081  0.831690 -0.824820  1.525747 -0.715782  1.366040 -2.370755         0.212527       -0.000071  0.091803  1.683445 -0.838302   -0.150109  0.335084 -1.868141 -0.898557 -1.294413   0.772015  0.848783  1.479415
52  -1.724375 -0.629544 -1.005647  0.637038 -1.034039       1.227139      0.137739  1.071694 -0.975477  0.134337  0.562060 -0.069351 -0.575905 -0.636060 -0.105334 -0.544696 -0.319637 -1.245414 -0.000811        -0.013736        1.762355 -1.020052 -0.851929  0.095950   -1.481691 -1.771801 -0.518629 -0.437246 -0.158042  -1.614577 -0.477815 -0.082167
53   0.625307  0.621540  0.826482 -0.389665  0.724713      -0.217372     -1.470182  0.288548  0.802792  1.325883 -0.456830 -0.443443 -0.071761 -0.460287 -0.543658 -0.893871 -0.713133 -1.149611  1.741856         0.116801        0.328725 -0.223223  0.412803 -0.137613    0.357436 -0.032561 -1.384733 -0.694529 -0.663297  -0.023516 -0.057249 -0.862958
54  -0.788402  0.969742  1.283586  1.395318 -0.109326       0.679221     -1.199086 -0.676724  0.802792 -1.142320  0.385228  0.824313  0.357695  0.562770 -0.027473 -0.830804 -0.683985 -0.688688 -1.122089        -0.318321       -1.584414  0.304909  0.838320  0.563076   -0.390373 -0.371925 -0.327280 -0.847377 -0.970253  -0.819046  0.895512  1.479415
55  -2.284288  0.901324 -1.440453  0.646050 -1.950175      -0.507935      2.519367 -0.849745 -0.975477  0.049226 -0.847919 -1.129278 -1.080049 -0.711842  0.139782  1.058128  1.203997  0.781846  0.261955         0.517112       -0.539781  0.230785 -0.851929 -0.721520    0.040944  0.426995  0.357547  0.999250  0.936677   0.371468 -0.811844 -1.250623
56   0.717233  0.344200 -1.311622 -0.484933 -0.359292       0.828653     -0.617424 -1.778592 -1.416936 -1.312541 -1.316665 -0.942232  0.077615 -0.054538 -0.005845 -0.112456 -0.154025  0.011407 -0.721002         0.212527       -0.000071  0.091803  1.683445 -0.838302   -0.150109  0.335084 -1.626437 -0.099735 -0.848014   0.772015  0.030152 -0.862958
57  -1.381742  1.211651 -0.712061 -0.323364  0.392650       0.197717      0.369847 -0.230514  0.355116 -0.461437  0.268275 -0.110917  0.749807  0.731174 -1.835563  0.856622 -0.992686  0.777157 -1.744320         1.195902        0.087395  1.101739 -0.851929 -0.254394    0.660419  0.009860 -0.468274 -0.896482 -0.841676  -0.023516  0.967337 -0.082167
58   1.157363 -0.017441  1.624245  2.188358  0.573998       0.073190      1.748690 -1.013659 -0.975477 -0.206105 -1.515016 -1.815113 -0.538561 -0.589222 -0.171659  0.645886  0.053984  2.186726 -1.209117         0.778185       -0.697773 -1.798351 -1.271536 -0.020831   -1.277129 -0.880970  0.035276 -0.440013 -1.422991  -0.819046 -0.149843 -1.643749
59  -0.430448 -0.192153  0.345842  2.702032 -0.342546      -2.433951      0.617977  1.955009  0.802792 -0.376326  2.151677  1.981226  1.954152  1.338483 -1.124727  1.722639 -0.497174 -1.688919 -2.427513        -0.622906        2.563653 -0.853274 -0.851929 -1.188647   -0.793707 -1.071863 -1.636508 -1.207711 -1.669280  -1.214030  1.364538  1.479415
60   0.176820 -0.043098  0.685263 -1.777485  1.683327       0.289037      0.053615  0.079102  1.691927  0.304557 -0.223861  0.249320 -0.351841  0.297006  0.893874 -0.306272 -0.854897  0.207702 -0.429646        -2.641869        0.586714  2.000489  0.838320  0.329513    2.299808  2.102604  1.183368  0.617475  0.590786   1.567546  0.456775  0.698624
61  -1.449990 -0.570900 -1.289324 -0.776530 -0.677877      -0.507935      2.418537 -0.849745 -0.975477 -0.035884 -0.847919 -1.129278 -0.258481 -0.385558  0.794386 -0.092459  0.709810  1.074613 -0.355231        -0.318321       -1.584414  0.304909  0.838320  2.198018   -0.390373 -0.371925  0.287050 -0.233910  0.415124  -0.819046 -0.811844 -1.250623
62  -1.086465 -0.459719 -0.268584  1.191265  0.826824       0.679221     -1.199086 -0.676724  0.802792  0.304557  0.385228  0.824313 -0.678601  0.140706 -0.139938 -2.104449  1.083431 -3.077049  2.609196         0.778185       -1.294010 -1.798351 -1.271536 -0.604739   -1.277129 -0.880970 -0.548842  0.162389  0.457681  -0.819046  0.091593  1.479415
63   0.192141 -0.695520  0.596072 -0.035630  0.074473       0.197717      0.369847 -0.230514  0.355116 -0.972100  0.268275 -0.110917 -0.445201  1.051669 -0.670542 -0.883104  0.365336 -2.229566 -0.234989         0.517112       -0.539781  0.230785 -0.851929  0.796639    0.040944  0.426995 -1.163172 -0.887491 -1.248234   0.371468  1.111852 -0.082167
64   0.073752 -0.915437  0.042346  0.874564  0.193738      -0.217372     -1.470182  0.288548  0.802792  2.091877 -0.456830 -0.443443 -0.809305 -0.434501 -0.664774 -0.735435 -0.918492 -0.192927 -0.827370        -0.013736        1.762355 -1.020052 -0.851929 -1.538991   -1.481691 -1.771801 -1.435088 -0.891641 -1.116035  -1.614577 -0.195707 -0.862958
65  -0.090601 -0.697963  0.116671  0.252105  0.367326       0.579600     -0.465469  0.215697 -0.975477  0.815220 -0.038608  0.339379 -0.762625 -0.645532  0.220526 -0.209364  0.426281  0.201672  0.178290         0.212527       -0.000071  0.091803  1.683445 -0.254394   -0.150109  0.335084  0.750316  0.241233  0.816249   0.772015 -0.776364  0.305499
66  -1.271710 -1.240425  0.108000 -0.057516  0.370186       1.227139      0.455968  1.071694 -0.975477 -0.801879  0.562060 -0.069351  0.357695 -0.407135  0.332991 -0.123224  0.069883  0.324942  0.056787        -0.622906        2.458818 -0.853274 -0.851929 -0.604739   -0.793707 -1.071863 -0.417919 -0.252584 -0.235008  -1.214030  0.414372 -0.082167
67  -0.497304  0.467598  0.338410  1.083123  0.050784       0.828653     -1.190876 -1.778592 -1.416936 -1.227431 -1.316665 -0.942232 -1.154737 -0.999708  0.285410 -0.032469 -2.308312 -1.132193 -1.564377         0.116801        0.328725 -0.223223  0.412803  0.212732    0.357436 -0.032561  0.901380 -0.186880  0.745622  -0.023516 -2.133249 -0.862958
68  -1.192319  0.632536 -0.721971  0.408524 -1.159839       0.073190      1.748690 -1.013659 -0.975477 -1.567873 -1.515016 -1.815113 -0.025081  0.398049  0.987594 -0.209364 -0.173898  0.201672  0.109761         0.621541       -1.760463 -0.677230  0.838320 -1.071865    0.478050  0.921900 -0.830829 -0.294081 -0.700422   1.567546  0.534657 -1.643749
69   1.084937 -2.678440 -1.144389 -1.482027  0.259906      -2.433951      0.617977  1.955009  0.802792 -1.057210  2.151677  1.981226  2.178216  0.580663 -0.706588 -1.441477 -0.587267  0.966752 -0.211025         1.195902        0.418269  1.101739 -0.851929  1.614110    0.660419  0.009860 -0.286996 -0.630900 -0.062062  -0.023516  1.160313  1.479415
70  -1.677020 -0.653980 -0.775238  0.595198 -0.339279       0.289037      0.053615  0.079102  1.691927  0.134337 -0.223861  0.249320 -0.071761 -0.105059  1.695547 -0.547772 -0.856222 -0.814638  0.092103         1.195902        0.418269  1.101739 -0.851929 -0.137613    0.660419  0.009860 -1.364591 -0.853602 -0.845298  -0.023516  0.101112  0.698624
71  -0.936041 -2.424313 -0.370162  0.492849 -0.381757      -2.433951      0.617977  1.955009  0.802792 -0.801879  2.151677  1.981226  1.636728  1.015883 -1.496726 -0.335498 -0.408406  0.413375 -0.016788        -0.318321       -1.584414  0.304909  0.838320  0.446295   -0.390373 -0.371925 -1.052391 -0.626059 -0.523854  -0.819046  1.977213  1.479415
72   0.169856 -0.350983  0.172416  3.340584 -0.900887       0.679221     -1.639504 -0.676724  0.802792 -0.376326  0.385228  0.824313 -0.921337 -0.398188 -0.396589  0.113662 -0.305064 -0.175508 -0.339675         0.116801        0.328725 -0.223223  0.412803  1.497329    0.357436 -0.032561  0.055418 -0.549980  0.292884  -0.023516 -0.507237  1.479415
73   0.616950 -0.628323 -1.317816 -0.233890  0.900752      -0.507935      2.418537 -0.849745 -0.975477 -1.057210 -0.847919 -1.129278  0.507071  0.947468  1.128897  0.436688  1.149676  0.064333  0.051322         0.778185       -0.697773 -1.798351 -1.271536 -0.721520   -1.277129 -0.880970 -1.364591 -0.925530 -1.681957  -0.819046  0.439467 -1.250623
74  -0.997325 -0.645427 -0.455637 -0.816439  3.368151       0.579600      0.082600  0.215697 -0.975477  1.325883 -0.038608  0.339379  0.395039  0.551718  1.355268 -0.350880  0.073858  1.413607  0.748389        -0.013736        1.762355 -1.020052 -0.851929 -0.137613   -1.481691 -1.771801 -0.911397  0.028214 -0.398899  -1.614577  1.054739  0.305499
75   0.330030  0.241572 -1.356217 -0.527418 -2.112326       1.227139      0.455968  1.071694 -0.975477 -1.057210  0.562060 -0.069351 -1.098721 -0.916032 -0.744076 -1.486086 -1.068206 -1.404861  2.241323         0.621541       -1.760463 -0.677230  0.838320 -1.071865    0.478050  0.921900  1.445214  2.605192  1.638421   1.567546 -0.659540 -0.082167
76   1.871879  0.880554 -1.274459 -1.096449 -1.210077       0.828653     -0.617424 -1.778592 -1.416936 -1.057210 -1.316665 -0.942232 -0.678601 -0.719209 -0.262496  0.559745 -0.041408  0.657236  0.278772        -2.641869        0.586714  2.000489  0.838320 -0.020831    2.299808  2.102604  1.989047  0.523415  2.129188   1.567546 -1.700569 -0.862958
77  -0.214562  0.580000  0.016332 -0.940030  1.150719       0.073190      1.748690 -1.013659 -0.975477  0.474778 -1.515016 -1.815113 -1.229426 -0.160843  1.105827 -0.618530  0.500475 -0.066977  0.182915         0.212527       -0.000071  0.091803  1.683445 -0.020831   -0.150109  0.335084 -0.699906 -0.469061 -0.444172   0.772015 -0.558293 -1.643749
78   0.636450 -0.401075  0.498210  0.788952  0.654461      -0.217372     -1.470182  0.288548  0.802792  2.347209 -0.456830 -0.443443 -0.277153 -0.529228  0.451223  1.250405  1.661088  1.029057 -0.129462         0.517112        0.030065  0.230785 -0.851929 -0.020831    0.040944  0.426995 -0.377635 -0.433788 -0.635228   0.371468 -0.242437 -0.862958
79  -1.486204  0.421171 -0.585707 -0.905270  0.101839       0.197717      0.369847 -0.230514  0.355116  1.921656  0.268275 -0.110917  0.460391 -0.471339  0.227736 -1.195362  0.309690  0.272687 -0.365741        -0.622906        2.458818 -0.853274 -0.851929 -2.006117   -0.793707 -1.071863 -1.596224 -0.938671 -1.039975  -1.214030  0.328701 -0.082167
80   0.323066 -0.693076 -2.715140 -1.816108 -2.158480       0.289037      0.053615  0.079102  1.691927  0.304557 -0.223861  0.249320 -0.594577 -0.495547 -0.706588 -0.907715  0.051334  0.781176  2.319522        -0.318321       -1.584414  0.304909  0.838320  1.730892   -0.390373 -0.371925 -0.448132 -0.379150  0.261193  -0.819046 -0.822228  0.698624
81  -1.231318 -0.606331  0.238070 -0.427644  0.031178      -2.433951      0.617977  1.955009  0.802792 -0.631658  2.151677  1.981226  2.392944  0.516458 -0.431193  0.041366  0.750881  0.872289 -0.890854         0.116801        0.328725 -0.223223  0.412803 -0.254394    0.357436 -0.032561 -0.407848 -0.872967 -0.663297  -0.023516  1.977213  1.479415
82  -0.419306 -0.671084  0.639429 -0.489439  1.643300       0.579600      0.082600  0.215697 -0.975477  2.772761 -0.038608  0.339379  0.245663  0.074397  1.288943  0.959682  1.283491  0.892388  0.693733         0.621541       -1.760463 -0.677230  0.838320 -1.071865    0.478050  0.921900 -0.750261 -0.547906 -1.002850   1.567546  0.550234  0.305499
83  -1.933298  1.176220  0.169938  0.741961 -2.442348       0.828653     -0.617424 -1.778592 -1.416936 -0.972100 -1.316665 -0.942232 -0.669265 -0.659741  0.384898 -0.881566 -2.186421 -0.891682 -0.603282         1.195902        0.418269  1.101739 -0.851929 -0.020831    0.660419  0.009860  0.105773 -0.389524  0.310994  -0.023516 -2.025079 -0.862958
84  -2.349750  0.441941 -0.634019 -0.449530 -0.773044       0.073190      1.748690 -1.013659 -0.975477 -0.120995 -1.515016 -1.815113 -1.397474 -0.328195 -0.199054 -0.041698  0.357386  0.168845 -0.286701        -0.622906        2.458818 -0.853274 -0.851929  1.146984   -0.793707 -1.071863  0.176269 -0.344569  0.277491  -1.214030 -0.821363 -1.643749
85  -0.424877 -0.302112  0.535373 -0.000226  0.705108       1.227139      0.455968  1.071694 -0.975477  0.474778  0.562060 -0.069351 -0.753289 -0.681318  1.557128  0.225952 -0.089105  0.826733  2.184986         0.517112       -0.539781  0.230785 -0.851929 -0.254394    0.040944  0.426995  0.015134 -0.187571 -0.210560   0.371468 -0.501179 -0.082167
86  -2.456997 -0.150614 -1.359933 -0.717953  0.861542      -0.507935      2.418537 -0.849745 -0.975477  0.219447 -0.847919 -1.129278 -0.230473  0.239644  0.118154 -0.215517 -0.925117 -0.489713 -1.838075         0.212527       -0.000071  0.091803  1.683445 -0.604739   -0.150109  0.335084 -0.005008  0.138182 -0.330988   0.772015 -0.234648 -1.250623
87  -0.853865 -0.203149 -0.165767  0.653774  0.960793       0.197717      0.369847 -0.230514  0.355116  0.815220  0.268275 -0.110917  0.544415 -0.316617  0.211875 -1.602990 -1.749204 -1.251443  2.625172        -0.013736        1.762355 -1.020052 -0.851929 -0.604739   -1.481691 -1.771801 -1.022178 -0.226302 -0.750223  -1.614577  0.532926 -0.082167
88   1.203326  0.644754  1.253855  1.458401 -0.329068       0.679221     -1.639504 -0.676724  0.802792 -1.227431  0.385228  0.824313 -0.883993 -0.483969  1.666709  0.755099 -2.140049 -0.861534 -1.560593        -2.641869        0.586714  2.000489  0.838320  0.095950    2.299808  2.102604  2.563093  0.528948  2.188949   1.567546 -1.855468  1.479415
89  -2.288466  0.151162 -0.855757  0.180654 -1.477607      -0.217372     -1.470182  0.288548  0.802792  1.070552 -0.456830 -0.443443 -0.398521 -0.669214  0.651642 -1.075381 -0.735656  1.228701 -0.116849         0.778185       -0.697773 -1.798351 -1.271536 -1.422210   -1.277129 -0.880970  0.428044 -0.538914 -1.870296  -0.819046 -0.592907 -0.862958
90  -0.260525 -1.126802 -0.449443  0.063500  0.732065      -0.507935      2.418537 -0.849745 -0.975477  0.134337 -0.847919 -1.129278  0.273671 -0.299777  0.719409  0.359777 -0.617740  0.805964 -0.713014        -0.013736        1.762355 -1.020052 -0.851929 -1.071865   -1.481691 -1.771801 -1.102746 -0.845302 -0.701327  -1.614577  0.063901 -1.250623
91  -1.101786  0.094961  0.236831  1.477068 -1.435946      -0.217372     -1.470182  0.288548  0.802792 -0.291216 -0.456830 -0.443443  0.077615  0.010719  0.258015 -1.304576 -0.625689 -0.179528  0.223276         0.517112        0.030065  0.230785 -0.851929  0.913421    0.040944  0.426995  0.317263 -0.257425 -0.101903   0.371468  0.086400 -0.862958
92   0.403849 -0.767603 -1.324009  0.490918 -0.751397       1.227139      0.455968  1.071694 -0.975477  0.219447  0.562060 -0.069351 -0.977353 -0.529228 -0.050543  0.161347 -1.743904 -0.012711  1.144430        -0.622906        2.458818 -0.853274 -0.851929 -0.020831   -0.793707 -1.071863 -0.065434  0.576669  0.066516  -1.214030 -0.201765 -0.082167
93   0.214426 -0.732172  0.023764  1.186115 -0.250647       0.197717      0.369847 -0.230514  0.355116  1.666325  0.268275 -0.110917  0.385703  0.382261 -0.020264 -1.099993 -2.242067  0.668625 -0.358594        -0.318321       -1.584414  0.304909  0.838320  0.212732   -0.390373 -0.371925 -0.971823 -0.592169 -0.686840  -0.819046  0.604751 -0.082167
94  -0.146314  1.414464  1.635394  1.017466  1.749495       0.197717      0.369847 -0.230514  0.355116 -0.291216  0.268275 -0.110917  0.189647 -0.678687  0.498805 -2.325953 -2.310962  0.211051 -1.379390         0.517112       -0.539781  0.230785 -0.851929  0.563076    0.040944  0.426995  0.035276 -0.482893 -0.542869   0.371468 -0.200899 -0.082167
95   0.375993 -0.842131 -1.192701 -2.730807  0.560111       0.579600     -0.465469  0.215697 -0.975477  1.836546 -0.038608  0.339379  0.040271 -0.132951 -1.514028 -0.081692  0.522999  0.579522  0.327121         0.116801        0.328725 -0.223223  0.412803  1.847673    0.357436 -0.032561  0.307192 -0.473902  0.202337  -0.023516  0.297548  0.305499
96   0.375993 -0.842131 -1.192701 -2.730807  0.560111       0.579600      0.082600  0.215697 -0.975477  1.836546 -0.038608  0.339379  0.320351 -0.087166 -1.418866 -0.081692  0.244770  1.052505 -0.461178         0.116801        0.328725 -0.223223  0.412803  1.263765    0.357436 -0.032561  0.015134 -0.394366  0.051123  -0.023516  0.513888  0.305499
97  -0.764724 -1.270970 -0.029503 -0.669032  0.691221       0.197717      0.369847 -0.230514  0.355116 -0.716768  0.268275 -0.110917  0.002927 -0.485022 -2.090771 -0.650833  1.006587  0.836782 -0.734455         0.517112        0.030065  0.230785 -0.851929  0.796639    0.040944  0.426995  0.226624 -0.705595 -0.515705   0.371468  0.664461 -0.082167
98  -0.185312 -1.372376  0.074553  0.888082  0.296666      -2.433951      0.617977  1.955009  0.802792  0.474778  2.151677  1.981226  2.056848  1.750547 -0.836355  0.658191  0.674037  0.843482  0.200153        -0.318321       -1.584414  0.304909  0.838320 -0.371176   -0.390373 -0.371925 -0.146002 -0.834236 -0.517516  -0.819046  1.890677  1.479415
99   0.015253 -0.063868  0.667921  1.408192 -0.295984      -0.217372     -1.470182  0.288548  0.802792  0.304557 -0.456830 -0.443443 -1.164073 -0.801833  0.126806  0.064439 -0.232194  0.073042 -0.052944        -2.641869        0.586714  2.000489  0.838320  0.446295    2.299808  2.102604  2.351602  2.106534  2.038641   1.567546 -0.778960 -0.862958
100 -0.392842 -0.923989 -1.740234 -0.616892 -0.969913      -0.217372     -1.470182  0.288548  0.802792 -0.035884 -0.456830 -0.443443 -1.444154 -0.846039 -0.043334 -2.564377 -0.828399  0.456922 -0.290485        -2.641869        0.586714  2.000489  0.838320 -0.137613    2.299808  2.102604  1.807769  4.693195  2.038641   1.567546 -1.467787 -0.862958
101  0.084894 -0.917880  0.783126 -0.948398  2.086868       0.579600      0.082600  0.215697 -0.975477  1.666325 -0.038608  0.339379  0.385703  0.074397 -1.717330  1.025826  2.148651  0.274696  0.241354         1.195902        0.418269  1.101739 -0.851929 -0.955084    0.660419  0.009860 -0.780474 -0.367393 -1.105169  -0.023516  0.622924  0.305499
102 -0.349665  0.090074 -1.463990 -0.221659 -1.047926       1.227139      0.455968  1.071694 -0.975477 -0.035884  0.562060 -0.069351 -1.154737 -0.780256  0.539177 -0.778505  0.475302  0.861570  1.357587         0.517112        0.030065  0.230785 -0.851929  0.212732    0.040944  0.426995  0.488470 -0.449004 -0.091037   0.371468 -0.742615 -0.082167
103  0.433098 -3.570326 -1.686967 -0.775886  0.677334       0.579600      0.082600  0.215697 -0.975477 -1.142320 -0.038608  0.339379  1.309967 -0.271359  0.321456 -0.346265 -0.642913  0.927895 -0.666767         1.195902        0.418269  1.101739 -0.851929  0.212732    0.660419  0.009860 -0.045292 -0.646807 -0.077455  -0.023516  0.350335  0.305499
104  0.222783  0.077856  0.043584 -0.049147 -0.022327      -0.217372     -1.470182  0.288548  0.802792  1.581214 -0.456830 -0.443443 -0.846649 -0.345562 -2.183050  0.089050 -0.493199 -0.091765 -1.337767         0.212527       -0.000071  0.091803  1.683445  0.563076   -0.150109  0.335084  0.176269  1.437045  0.094585   0.772015 -0.310800 -0.862958
105  0.222783  0.077856  0.043584 -0.049147 -0.022327      -0.217372     -1.470182  0.288548  0.802792  1.581214 -0.456830 -0.443443 -0.846649 -0.345562 -2.183050  0.089050 -0.493199 -0.091765 -1.337767         0.212527       -0.000071  0.091803  1.683445  0.563076   -0.150109  0.335084  0.176269  1.437045  0.094585   0.772015 -0.310800 -0.862958
106 -0.327380  0.737608  0.091896  0.246955  0.125937       0.289037      0.053615  0.079102  1.691927 -1.397652 -0.223861  0.249320  0.096287 -0.560278 -0.201938 -0.392412 -0.124877  0.464961  1.865462        -0.318321       -1.584414  0.304909  0.838320  2.081236   -0.390373 -0.371925 -0.206428 -0.144691  0.566338  -0.819046 -1.628744  0.698624
107  0.458169 -0.148170  0.078270  1.312924 -0.577809      -0.217372     -1.470182  0.288548  0.802792  2.432319 -0.456830 -0.443443 -0.295825 -0.379243 -0.382170 -1.167674 -1.204670 -0.562737 -1.222150         0.212527       -0.000071  0.091803  1.683445 -0.838302   -0.150109  0.335084  1.112871  0.679721  1.014548   0.772015 -0.450123 -0.862958
108 -0.083637 -0.338765 -0.293359  1.014247  0.992651      -0.217372     -1.470182  0.288548  0.802792  1.155662 -0.456830 -0.443443 -0.361177 -0.287147 -0.158682 -1.619911 -1.425929 -2.464047  1.978556         0.212527       -0.000071  0.091803  1.683445  0.679858   -0.150109  0.335084  0.287050  0.792455  1.020886   0.772015 -0.097921 -0.862958
109 -0.243811 -0.569678 -1.015558  0.134951 -1.413482      -2.433951      0.617977  1.955009  0.802792 -0.035884  2.151677  1.981226  1.832784  0.530667 -0.885378 -0.007857  0.648864  1.317134  0.171564         0.116801        0.328725 -0.223223  0.412803 -0.020831    0.357436 -0.032561 -0.458203 -0.897865 -0.889666  -0.023516  1.205311  1.479415
110 -0.442984 -0.475602 -1.400813  1.778321  3.141466       0.197717      0.369847 -0.230514  0.355116 -0.461437  0.268275 -0.110917  0.105623 -0.642375 -0.540775  0.139812 -0.587267  0.355090 -0.918182        -2.641869        0.586714  2.000489  0.838320  0.913421    2.299808  2.102604  2.532880  2.778789  2.249616   1.567546 -0.272724 -0.082167
111 -0.427663 -0.811587 -0.605527  1.173885 -0.704834       0.197717      0.369847 -0.230514  0.355116  0.985441  0.268275 -0.110917 -0.669265 -0.462919 -0.128403 -1.378410 -2.199670 -1.455107 -0.615054        -2.641869        0.586714  2.000489  0.838320  0.329513    2.299808  2.102604  1.707059  0.403764  1.321504   1.567546  0.316586 -0.082167
112  2.261867  0.331983 -1.071302 -0.477209 -0.088495      -2.433951      0.617977  1.955009  0.802792 -0.376326  2.151677  1.981226  2.271576  0.752225  0.813130  1.584199 -0.705183 -0.308828 -0.755477         0.116801        0.328725 -0.223223  0.412803 -0.020831    0.357436 -0.032561  0.397831 -0.463528  0.292884  -0.023516  1.724527  1.479415
113  0.692162 -0.436506 -0.211601 -1.035298  2.271076       0.579600      0.082600  0.215697 -0.975477  2.432319 -0.038608  0.339379  0.749807  0.197542 -0.524914 -1.464550 -0.784677 -0.619013  1.852849         0.212527       -0.000071  0.091803  1.683445  1.030202   -0.150109  0.335084 -0.085576 -0.601160 -0.327366   0.772015  0.550234  0.305499
114  0.692162 -0.436506 -0.211601 -1.035298  2.271076       0.579600      0.082600  0.215697 -0.975477  2.432319 -0.038608  0.339379  0.749807  0.197542 -0.524914 -1.464550 -0.784677 -0.619013  1.852849         0.212527       -0.000071  0.091803  1.683445  1.030202   -0.150109  0.335084 -0.085576 -0.601160 -0.327366   0.772015  0.550234  0.305499
115  0.860693 -1.220877 -0.485367 -1.232270  0.898301       0.579600      0.082600  0.215697 -0.975477  2.602540 -0.038608  0.339379  0.507071  0.167545 -0.008729 -0.772352  0.436880 -0.934558  0.125737         0.212527       -0.000071  0.091803  1.683445  0.329513   -0.150109  0.335084 -0.558912 -0.426180 -0.463187   0.772015  0.658404  0.305499
116  0.827266 -0.157944  0.026242 -0.954835  0.969370       0.289037      0.053615  0.079102  1.691927 -0.631658 -0.223861  0.249320  1.590048  0.305953 -0.135613 -1.447630 -0.403106  0.441513  1.147794         0.517112        0.030065  0.230785 -0.851929  0.329513    0.040944  0.426995  0.428044 -0.126017  0.060177   0.371468  1.340307  0.698624
117  1.235361 -0.840909 -2.265469 -1.433105 -0.949900       0.579600      0.082600  0.215697 -0.975477 -0.376326 -0.038608  0.339379  0.395039 -0.449236 -0.207705 -0.673906 -0.322287  0.753039 -0.178231         0.212527       -0.000071  0.091803  1.683445  0.679858   -0.150109  0.335084 -0.780474 -0.697987 -0.987457   0.772015  0.066497  0.305499
118 -0.054388  1.427903  2.670999  1.228600  0.588702       0.197717      0.369847 -0.230514  0.355116 -0.801879  0.268275 -0.110917 -1.640210 -0.904454  0.194573 -0.320116 -0.494524  0.500469  2.420845         0.517112        0.030065  0.230785 -0.851929  2.314799    0.040944  0.426995  0.558967  0.006774  0.642398   0.371468 -1.427115 -0.082167
119  0.615557 -0.401075  0.954075  0.772215  0.158204       0.197717      0.369847 -0.230514  0.355116 -0.291216  0.268275 -0.110917 -0.949345 -0.809727 -0.150031  0.556669  0.613092 -1.268192  2.109729         0.517112        0.030065  0.230785 -0.851929  3.949741    0.040944  0.426995  0.317263  0.048271  0.588069   0.371468 -0.417239 -0.082167
120 -0.715976 -0.134731 -2.035059 -0.757863 -1.889317       0.197717      0.369847 -0.230514  0.355116  0.985441  0.268275 -0.110917  0.152303 -0.359245 -0.840681 -1.458398  1.121853  1.053845 -0.177811         0.517112        0.030065  0.230785 -0.851929 -0.487957    0.040944  0.426995  0.800671 -0.653723 -0.650621   0.371468 -0.103979 -0.082167
121 -1.306530 -0.330213  1.533816  1.646362 -0.475290       0.579600      0.082600  0.215697 -0.975477  1.155662 -0.038608  0.339379  0.357695 -0.206102 -0.460030 -0.946171 -0.870796 -0.506462 -1.051457         0.116801        0.328725 -0.223223  0.412803  0.095950    0.357436 -0.032561 -0.095647 -0.247742 -0.497595  -0.023516 -0.117825  0.305499
122  1.725633  0.328317  1.212976  0.465814 -0.671751      -2.433951      0.617977  1.955009  0.802792 -0.461437  2.151677  1.981226  1.730088  0.448570 -0.631612 -0.929250 -1.896268 -1.073237 -0.080692         0.517112        0.030065  0.230785 -0.851929  2.431581    0.040944  0.426995  0.186340 -0.451770 -0.165286   0.371468  1.664818  1.479415
123 -0.664442 -0.011333 -0.023309  0.843023  0.734108      -2.433951      0.617977  1.955009  0.802792  0.049226  2.151677  1.981226  1.972824  2.828862 -0.983425  1.239638  1.111254 -0.739604  1.138124         0.517112        0.030065  0.230785 -0.851929  2.081236    0.040944  0.426995 -0.196357 -0.615684 -0.020410   0.371468  1.881158  1.479415
124 -2.025224 -1.064492 -0.268584 -1.104818  1.765833       0.579600      0.082600  0.215697 -0.975477  2.517429 -0.038608  0.339379 -0.165121 -0.303987  0.752572 -0.566231 -1.368958 -1.167700  0.515893        -2.641869        0.586714  2.000489  0.838320  0.679858    2.299808  2.102604  1.596278  1.007549  1.864789   1.567546 -0.113498  0.305499
125 -0.108708 -0.096856  0.296292  0.133664 -0.040299      -0.217372     -1.470182  0.288548  0.802792  0.474778 -0.456830 -0.443443 -1.154737 -0.681845 -1.694261 -1.315343  1.025136 -0.726205 -0.972417         0.116801        0.328725 -0.223223  0.412803  1.380547    0.357436 -0.032561  1.435143  1.142415  0.896836  -0.023516 -0.706270 -0.862958
126  0.261782 -1.246534 -0.116216 -0.158577 -0.099115      -2.433951      0.617977  1.955009  0.802792 -0.206105  2.151677  1.981226  2.346264  0.536456 -1.685609  0.927380  0.846274 -0.617673 -0.461599         0.517112        0.030065  0.230785 -0.851929 -0.254394    0.040944  0.426995  0.055418 -0.427564 -0.494879   0.371468  1.689048  1.479415
127  1.296645  0.355196  0.171177  0.028097  0.424508       0.197717      0.369847 -0.230514  0.355116  0.049226  0.268275 -0.110917  1.123247  0.119129  0.488712  0.453608  0.521674  0.393947 -0.456133         0.778185       -0.697773 -1.798351 -1.271536 -1.188647   -1.277129 -0.880970 -0.438061 -0.582487 -1.983480  -0.819046  0.727632 -0.082167
128 -0.307880  1.087032  1.289779  1.180322  0.566646       0.289037     -0.608178  0.079102  1.691927 -0.376326 -0.223861  0.249320 -0.557233 -0.475549  1.177920  0.424382 -0.098379  0.371169 -0.863106         0.621541       -1.302547 -0.677230  0.838320  0.679858    0.478050  0.921900  0.710032  0.245383  1.057105   1.567546 -0.757326  0.698624
129  0.350922  0.580000  1.128740  1.717813  0.194147       0.073190      0.015502 -1.013659 -0.975477 -1.652983 -1.515016 -1.815113 -1.425482 -0.922347  0.258015  0.353624  0.519024 -0.175508  0.864847         0.517112        0.030065  0.230785 -0.851929  0.679858    0.040944  0.426995  1.737272  0.871300  1.314260   0.371468 -1.484229 -1.643749
130  0.543131  0.206141 -0.494039  0.431697  0.026686       1.227139      0.105301  1.071694 -0.975477 -1.312541  0.562060 -0.069351  0.955199  0.050715  1.763314  1.864155  0.642240  0.475011  0.202675        -0.622906       -0.555580 -0.853274 -0.851929 -0.020831   -0.793707 -1.071863 -0.619338 -0.588711 -0.889666  -1.214030  0.564079 -0.082167
131  0.699126  0.242794  0.864884 -0.898189  0.119810      -2.433951      0.617977  1.955009  0.802792 -0.631658  2.151677  1.981226  2.822400  5.884350 -0.206264 -1.447630 -0.754204 -1.041750 -1.228877        -0.318321       -1.584414  0.304909  0.838320  1.380547   -0.390373 -0.371925 -0.196357 -0.765074 -0.859785  -0.819046  1.977213  1.479415
132  0.947048  1.457226  0.734814 -0.136047  0.640166      -0.507935     -0.480665 -0.849745 -0.975477 -0.291216 -0.847919 -1.129278 -0.865321 -0.760258 -0.500402 -0.566231  1.665062  0.462282 -0.374150         0.212527       -0.688160  0.091803  1.683445 -0.371176   -0.150109  0.335084  1.233723  1.899048  0.469452   0.772015 -1.484229 -1.250623
133 -0.204812  0.091295  0.666682  2.245004 -0.550852       0.679221     -1.199086 -0.676724  0.802792  0.049226  0.385228  0.824313  0.161639  0.483304  0.184480  0.259793  0.193099 -0.004672  0.504541         1.195902        0.053669  1.101739 -0.851929 -1.071865    0.660419  0.009860 -0.176215 -0.635050 -1.312523  -0.023516  0.610809  1.479415
134 -1.324637 -0.036990 -0.110022  0.939578 -0.360109       0.073190      0.015502 -1.013659 -0.975477 -0.035884 -1.515016 -1.815113 -0.846649 -0.705000  2.797126 -0.147835  1.980388  1.024367  0.374209         0.778185       -0.697773 -1.798351 -1.271536  0.563076   -1.277129 -0.880970  0.609322 -0.150224  0.086436  -0.819046 -0.673386 -1.643749
135  0.622522 -0.143283  1.125024  0.832723  0.020559       0.828653     -0.617424 -1.778592 -1.416936 -0.291216 -1.316665 -0.942232  0.226991  0.115445  1.144757  1.407304  0.451454 -0.315527  0.029459         1.195902        0.053669  1.101739 -0.851929 -0.838302    0.660419  0.009860 -0.488416 -0.572804 -0.781009  -0.023516  0.740613 -0.862958
136  0.151749  0.821909  0.841347  2.087297 -0.264534       0.073190      0.015502 -1.013659 -0.975477 -0.206105 -1.515016 -1.815113 -1.920290 -0.887614  0.047503  1.085816  1.241094 -0.923169  1.335304         0.212527       -0.688160  0.091803  1.683445 -0.254394   -0.150109  0.335084  1.344504  1.246158  1.179345   0.772015 -1.312022 -1.643749
137  0.020824  2.093764  0.783126  0.174861 -0.139550       0.679221     -1.199086 -0.676724  0.802792 -0.546547  0.385228  0.824313  0.525743  0.408048  0.823223 -1.212283 -1.350409 -1.181099 -0.483881        -0.318321       -1.584414  0.304909  0.838320  0.679858   -0.390373 -0.371925  0.055418 -0.913773 -1.173985  -0.819046  0.910223  1.479415
138  0.885764 -0.828692  1.479310 -0.063953 -1.140642       0.289037     -0.608178  0.079102  1.691927 -0.886989 -0.223861  0.249320 -1.304114 -0.833935  0.647316 -0.158603 -0.711808 -0.337635 -0.559978         0.517112        0.152251  0.230785 -0.851929  1.263765    0.040944  0.426995  1.072587  2.599659  1.062538   0.371468 -1.329329  0.698624
139  0.681020  0.024098 -0.124887 -0.571189 -0.929478      -2.433951      0.617977  1.955009  0.802792 -0.801879  2.151677  1.981226  2.701032  3.483534 -0.148589 -1.007700  0.929743  0.655226  0.493610         0.116801        0.328725 -0.223223  0.412803  1.263765    0.357436 -0.032561 -0.427990 -0.500875  0.066516  -0.023516  1.689048  1.479415
140  0.859300  0.309991  1.061847  1.031627  0.350580      -0.507935     -0.480665 -0.849745 -0.975477 -1.057210 -0.847919 -1.129278 -0.015745 -0.275569 -0.500402 -0.103227  0.692586  0.174204 -0.005016         0.778185       -0.697773 -1.798351 -1.271536 -1.305428   -1.277129 -0.880970  0.276979  0.657589  1.438311  -0.819046 -1.003954 -1.250623
141 -0.015389 -0.271568  0.615893  0.944084 -1.500888       0.197717      0.369847 -0.230514  0.355116  0.559889  0.268275 -0.110917  1.020551  0.097026 -0.103892  0.384388  0.479277  2.106332  0.125737         0.621541       -1.302547 -0.677230  0.838320 -0.371176    0.478050  0.921900 -0.619338 -0.341111 -0.142649   1.567546  0.619462 -0.082167
142  0.318887  0.689959  0.758350  0.295233  1.559161       0.579600      0.200116  0.215697 -0.975477  2.602540 -0.038608  0.339379  0.058943  0.214383  1.394198  1.418071  0.923118  0.179564  0.305680        -0.622906       -0.555580 -0.853274 -0.851929 -0.487957   -0.793707 -1.071863 -0.005008 -0.307913 -0.687745  -1.214030  0.216204  0.305499
143  0.200498  0.351531  0.905763  0.523103 -0.221647       1.227139      0.105301  1.071694 -0.975477 -0.631658  0.562060 -0.069351 -0.118441 -0.540280  0.369038 -0.181676  1.858498  2.287888 -0.344720        -2.641869        0.586714  2.000489  0.838320 -0.838302    2.299808  2.102604  2.683945  5.436687  2.430711   1.567546 -0.732230 -0.082167
144  1.027831 -0.187266  0.008899 -0.041423  1.518317      -0.217372     -1.470182  0.288548  0.802792  0.049226 -0.456830 -0.443443  0.040271 -0.118216  0.912618 -0.610839 -0.784677 -1.034380 -1.000165        -0.013736       -0.039698 -1.020052 -0.851929 -0.254394   -1.481691 -1.771801 -0.619338 -0.643349 -0.146271  -1.614577 -0.085806 -0.862958
145 -1.268924  0.386962 -0.510142 -0.288604  0.156570       0.579600      0.200116  0.215697 -0.975477 -0.206105 -0.038608  0.339379  1.104575 -0.219259  1.982476  1.982598  0.945642 -0.193597 -0.296371         0.778185       -0.697773 -1.798351 -1.271536 -0.838302   -1.277129 -0.880970 -0.579054 -0.671706 -1.681957  -0.819046  0.391007  0.305499
146  0.203284  0.450493  1.082906  0.330636  0.117360       0.679221     -1.199086 -0.676724  0.802792 -1.227431  0.385228  0.824313  0.124295 -0.011911  0.331549 -0.163217  1.174849  0.236509  0.212765        -2.641869        0.586714  2.000489  0.838320  1.263765    2.299808  2.102604  1.676846  1.392090  2.074860   1.567546 -0.907033  1.479415
147  1.027831  0.357640  0.718710  0.185160  1.514232       0.828653     -0.617424 -1.778592 -1.416936 -0.376326 -1.316665 -0.942232  0.208319 -0.246624  0.648758 -0.355495 -0.426954  0.235839 -1.865403        -0.318321       -1.584414  0.304909  0.838320 -0.254394   -0.390373 -0.371925  0.780529 -0.620526 -0.436928  -0.819046 -0.263205 -0.862958
148 -0.351058 -1.395589 -0.210362  1.491873 -0.871887       0.289037     -0.608178  0.079102  1.691927 -1.142320 -0.223861  0.249320  0.451055  0.139653  1.105827  1.996442  1.222546  0.901767 -0.805508         0.116801        0.328725 -0.223223  0.412803 -1.188647    0.357436 -0.032561 -1.143030 -0.891641 -1.294413  -0.023516  0.390142  0.698624
149 -0.915149 -0.256907 -0.796297 -0.303409  0.422058      -0.507935     -0.637351 -0.849745 -0.975477  0.559889 -0.847919 -1.129278 -0.697273 -0.049802  1.412942  1.756479  1.850548  0.075052 -0.526344         0.621541       -1.302547 -0.677230  0.838320 -1.188647    0.478050  0.921900  1.837982  0.215644  1.902819   1.567546 -0.609349 -1.250623
150  1.493032  0.445606  0.754634 -0.082620  1.559161       0.073190     -0.297880 -1.013659 -0.975477 -0.120995 -1.515016 -1.815113 -0.613249  0.437519 -0.458589  0.739717  0.621041 -0.094444 -0.120633         1.195902        0.053669  1.101739 -0.851929 -0.137613    0.660419  0.009860 -0.216499 -0.720811 -0.886950  -0.023516  0.019768 -1.643749
151  1.186613 -1.329614 -2.300154 -1.169831 -1.020152      -0.217372     -1.470182  0.288548  0.802792  0.219447 -0.456830 -0.443443 -0.426529 -0.925505  1.071222  1.231947  0.361361 -0.619013  0.837099         0.212527       -0.688160  0.091803  1.683445 -1.422210   -0.150109  0.335084  0.287050 -0.327279  0.544607   0.772015 -1.755952 -0.862958
152  0.495775  0.026542 -0.460592 -0.377435 -0.388700      -2.433951      0.617977  1.955009  0.802792 -0.376326  2.151677  1.981226  3.046464  4.319241  0.468526  0.652038  0.761481  0.030166 -1.083409        -0.013736       -0.365533 -1.020052 -0.851929  0.796639   -1.481691 -1.771801 -1.414946 -0.509866 -0.543775  -1.614577  1.819717  1.479415
153 -0.224311  1.294731 -0.611721 -1.054609 -1.573183       1.227139      0.105301  1.071694 -0.975477 -0.546547  0.562060 -0.069351  0.367031 -0.603431  0.311363  2.330235  0.561421  0.452232  0.282977         0.517112        0.152251  0.230785 -0.851929  1.146984    0.040944  0.426995 -0.286996 -0.291314 -0.473147   0.371468  0.122746 -0.082167
154 -0.349665  0.043647  1.481788  0.281071 -0.922126       0.197717      0.369847 -0.230514  0.355116 -0.631658  0.268275 -0.110917  0.833831  0.695388  0.702107  0.945838  0.605143  0.539326 -0.097089        -0.622906       -0.718491 -0.853274 -0.851929 -0.254394   -0.793707 -1.071863  0.428044  0.820811  0.106357  -1.214030  0.378892 -0.082167
155  0.015253 -0.033324 -0.103828  0.941509  0.142683      -0.217372      0.622135  0.288548  0.802792 -0.546547 -0.456830 -0.443443 -0.165121 -0.689212  0.335875  2.376382  1.459703  0.099170 -0.199253         1.195902        0.053669  1.101739 -0.851929 -1.188647    0.660419  0.009860  0.226624 -0.079678  0.469452  -0.023516 -0.866361 -0.862958
156  0.038931 -0.533025  0.850019  0.331924  0.391833       0.828653     -0.617424 -1.778592 -1.416936 -0.120995 -1.316665 -0.942232 -0.426529 -0.525544  1.575872  0.544363 -0.199072 -1.319108  0.290544        -2.641869        0.586714  2.000489  0.838320 -0.020831    2.299808  2.102604  2.845081  3.218660  2.265915   1.567546 -0.341088 -0.862958
157  1.564066  1.769997  0.919389  0.155550 -0.173860       0.289037     -0.608178  0.079102  1.691927 -1.142320 -0.223861  0.249320  1.281959 -0.152949  0.843409  1.275017  0.603818  0.710162 -0.150483         1.195902        0.053669  1.101739 -0.851929 -1.655773    0.660419  0.009860 -0.307138 -0.279557 -0.738452  -0.023516  1.328192  0.698624
158  0.300781  1.691804  1.258810  1.548519 -0.409122      -0.507935     -0.297597 -0.849745 -0.975477 -0.461437 -0.847919 -1.129278 -0.109105 -0.125057  0.803037  0.576666 -0.328912 -1.734475  1.523235        -0.318321        0.591038  0.304909  0.838320  0.095950   -0.390373 -0.371925  1.737272  0.165847  0.509293  -0.819046 -0.763383 -1.250623
159 -0.169991  0.124283  0.285143 -0.683837 -0.262900       0.197717      0.369847 -0.230514  0.355116 -0.546547  0.268275 -0.110917 -0.715945 -0.547121  1.489361  0.645886 -0.055982 -0.280020 -0.171925         0.517112        0.152251  0.230785 -0.851929 -0.020831    0.040944  0.426995  0.307192  0.908647  0.997344   0.371468 -1.294715 -0.082167
160 -1.037717 -1.046165 -1.682012 -1.200085 -0.552894       0.679221     -1.199086 -0.676724  0.802792  0.304557  0.385228  0.824313 -0.062425 -0.264517  1.568663  1.513441  0.227546  0.177554  0.399855        -0.013736       -0.365533 -1.020052 -0.851929 -1.071865   -1.481691 -1.771801 -0.256783  0.018532 -0.496690  -1.614577  0.498312  1.479415
161  0.635057  1.283735  1.455774 -0.677400 -0.347856      -2.433951      0.617977  1.955009  0.802792 -0.461437  2.151677  1.981226  2.028840  3.934542 -0.568170  0.349009 -0.515723 -0.151390  0.201414        -0.622906       -0.365238 -0.853274 -0.851929 -1.071865   -0.793707 -1.071863 -1.012107 -0.669631 -1.080721  -1.214030  1.881158  1.479415
162 -0.908185  0.736386  1.504085 -0.111586  0.777402       0.579600      0.200116  0.215697 -0.975477  0.815220 -0.038608  0.339379 -0.323833  0.276482  0.552153 -0.575460  0.263318 -0.545319 -0.618418         0.621541       -1.302547 -0.677230  0.838320 -0.604739    0.478050  0.921900  0.931593 -0.033340  0.770070   1.567546 -0.170612  0.305499
163 -0.293952 -0.331434 -1.071302 -1.137003 -1.030363       0.289037     -0.608178  0.079102  1.691927 -0.376326 -0.223861  0.249320  0.348359 -0.365560 -0.428310  0.182882  1.914143 -0.648491 -0.201775         0.778185       -0.697773 -1.798351 -1.271536 -0.254394   -1.277129 -0.880970  0.035276 -0.695912 -1.380434  -0.819046  0.228319  0.698624
164  0.849551 -0.291116 -0.614198 -1.834775 -0.452009       0.073190     -0.297880 -1.013659 -0.975477  0.049226 -1.515016 -1.815113 -0.407857 -0.108217  0.634339 -0.550849  0.801228  1.033077  0.150122         0.116801        0.328725 -0.223223  0.412803  1.146984    0.357436 -0.032561 -0.015079 -0.432405  0.383432  -0.023516 -0.918283 -1.643749
165 -1.805159 -0.612440 -0.027025 -0.038205 -0.113410       0.073190     -0.297880 -1.013659 -0.975477 -1.057210 -1.515016 -1.815113 -0.771961 -0.642901  0.598293  0.488987 -0.736981 -0.448846 -0.490608        -0.622906       -0.365238 -0.853274 -0.851929  0.796639   -0.793707 -1.071863  0.669748  0.539322  0.217730  -1.214030 -1.236736 -1.643749
166  1.130900  0.680185 -0.003489 -0.559603  0.673250       0.579600      0.200116  0.215697 -0.975477  1.070552 -0.038608  0.339379  0.843167 -0.097692 -0.304310  0.016754  0.766780 -0.449516 -0.317813        -0.318321        0.591038  0.304909  0.838320 -0.955084   -0.390373 -0.371925  0.699961 -0.287856  1.034469  -0.819046  0.262069  0.305499
167  0.385743  0.217137 -0.176915  0.529540 -1.273794       0.197717      0.369847 -0.230514  0.355116 -0.120995  0.268275 -0.110917 -0.249145 -0.511861 -1.300633 -0.218593 -0.101029 -0.641121 -0.280815         1.195902        0.053669  1.101739 -0.851929 -0.254394    0.660419  0.009860 -0.357493 -0.074145  0.655980  -0.023516 -0.669059 -0.082167
168 -0.378914  0.372301  0.558910 -0.313065 -1.035673      -2.433951      0.617977  1.955009  0.802792 -1.567873  2.151677  1.981226  0.208319  0.687494  1.036618  0.384388  0.738957  1.073943 -0.519618         0.212527       -0.688160  0.091803  1.683445 -1.188647   -0.150109  0.335084 -0.518629 -0.424797 -0.059345   0.772015  1.111852  1.479415
169  0.066787 -0.627101 -2.827867 -1.182062 -2.323491       0.679221     -1.199086 -0.676724  0.802792 -0.546547  0.385228  0.824313  0.637775 -0.227679 -2.066260  0.538210  0.418332  0.188273 -0.361958         0.778185       -2.017534 -1.798351 -1.271536 -0.020831   -1.277129 -0.880970 -0.820758 -0.431713 -1.093398  -0.819046  0.534657  1.479415
170 -0.179741 -1.234317 -2.342272 -0.981871 -0.999321      -0.507935     -0.297597 -0.849745 -0.975477 -0.035884 -0.847919 -1.129278 -0.417193 -0.025067  1.062571  0.232105  2.530222  0.736290  0.782023         0.517112        0.152251  0.230785 -0.851929 -0.955084    0.040944  0.426995  0.367618 -0.330737 -0.134500   0.371468 -0.137728 -1.250623
171  0.364850  0.566561  0.264084  0.061569 -1.002180       0.289037     -0.608178  0.079102  1.691927 -0.461437 -0.223861  0.249320 -0.025081 -0.336089 -1.313610  1.282708  1.405382  0.408016  0.075286        -0.013736       -0.365533 -1.020052 -0.851929 -0.604739   -1.481691 -1.771801  0.448186 -0.366009 -0.059345  -1.614577 -0.213014  0.698624
172  1.616993  1.248304  1.750599  0.535977  0.737784      -0.217372      0.622135  0.288548  0.802792 -1.312541 -0.456830 -0.443443  1.646064  1.311643  0.618479  1.031978  0.333538  0.282066 -0.269464        -2.641869        0.586714  2.000489  0.838320 -1.655773    2.299808  2.102604  0.941664 -0.232527  0.469452   1.567546  0.592636 -0.862958
173 -0.678370 -0.049207  0.189758  0.363465  0.487000       0.679221     -1.199086 -0.676724  0.802792  0.049226  0.385228  0.824313  0.339023  0.351211 -0.659007  1.681107  0.463378 -0.373812 -0.977462         1.195902        0.053669  1.101739 -0.851929 -0.955084    0.660419  0.009860 -0.186286 -0.570037 -0.721248  -0.023516  1.046950  1.479415
174  1.456819 -0.524473 -0.676137 -1.736289 -0.200817       0.828653     -1.886750 -1.778592 -1.416936 -1.057210 -1.316665 -0.942232  0.880511 -0.492390  0.239270  0.701261  1.047659  1.979042 -0.301837         0.116801        0.328725 -0.223223  0.412803 -0.254394    0.357436 -0.032561  0.599251 -0.304455 -0.426968  -0.023516  0.318317 -0.862958
175  0.447027 -0.258129 -0.057994  0.152975 -0.509191       0.289037      0.214077  0.079102  1.691927 -1.227431 -0.223861  0.249320  0.572423 -0.325564  1.200989  0.981217  0.288492 -0.257912 -0.246340        -0.318321        0.591038  0.304909  0.838320 -0.721520   -0.390373 -0.371925  0.266908  0.117433 -0.263077  -0.819046  0.967337  0.698624
176  0.704698  0.283112 -0.036935 -0.089701 -1.275020       0.679221     -1.199086 -0.676724  0.802792  0.134337  0.385228  0.824313  0.609767  0.150179  0.099410  0.862774  0.011588  2.492221 -0.631031         0.116801        3.049238 -0.223223  0.412803 -1.071865    0.357436 -0.032561 -1.646579  0.764099 -0.851636  -0.023516  1.118775  1.479415
177 -0.423484  0.206141  0.665443  0.623520 -0.205718       0.828653     -0.617424 -1.778592 -1.416936 -0.546547 -1.316665 -0.942232 -0.631921 -0.497652  0.854944  2.064123  1.400082  1.094042  0.386401        -0.622906       -0.202327 -0.853274 -0.851929 -0.955084   -0.793707 -1.071863  0.699961  1.336069  1.072499  -1.214030 -1.665089 -0.862958
178  0.378779 -0.054094  0.110478 -1.064264  1.231999       0.197717      2.986394 -0.230514  0.355116  0.815220  0.268275 -0.110917  0.451055  0.035453  0.816013  2.244095  0.937692 -0.113873  0.294748        -2.641869        0.586714  2.000489  0.838320 -0.020831    2.299808  2.102604  0.921522  0.381632  0.505671   1.567546  0.857436 -0.082167
179  0.676841  1.055266  0.272755  0.474825 -0.017018       0.579600      0.082600  0.215697 -0.975477 -0.631658 -0.038608  0.339379  0.703127 -0.407661  0.145550  1.207335  0.500475  1.114140 -0.339675         0.212527        0.166766  0.091803  1.683445 -0.137613   -0.150109  0.335084 -0.498487 -0.031265  0.026675   0.772015  0.391873  0.305499
180  0.391314  0.882997  0.214534 -0.540292  0.481690       1.227139      0.105301  1.071694 -0.975477 -0.886989  0.562060 -0.069351  0.488399 -0.557646  2.524615  1.607272  1.196048  0.842812  1.315964        -0.013736       -0.365533 -1.020052 -0.851929 -0.838302   -1.481691 -1.771801 -0.720048  0.074553 -1.100642  -1.614577  0.796861 -0.082167
181  1.132293  0.643532 -0.563409 -0.071677 -0.050102      -0.217372      0.622135  0.288548  0.802792 -0.291216 -0.456830 -0.443443 -0.183793 -0.461340  0.402200  1.802626  0.595868  0.659246 -0.069761         0.621541       -1.302547 -0.677230  0.838320  0.446295    0.478050  0.921900  0.357547  0.730901  1.095135   1.567546 -0.378298 -0.862958
182 -0.759153  0.081521  1.486743  1.138481 -0.348673      -2.433951      0.617977  1.955009  0.802792 -1.057210  2.151677  1.981226  1.935480  5.292303  0.155643  1.002752 -0.432254  0.933254  0.750911         0.517112        0.030065  0.230785 -0.851929  1.730892    0.040944  0.426995  0.176269  0.116050  0.270248   0.371468  1.977213  1.479415
183  0.506918 -0.431619 -0.051800 -0.891752 -0.437305       0.828653     -0.617424 -1.778592 -1.416936 -0.801879 -1.316665 -0.942232  0.077615 -0.611325 -0.536449  1.079663  0.761481  1.112800 -0.767669        -0.013736       -0.365533 -1.020052 -0.851929 -0.020831   -1.481691 -1.771801  0.981948 -0.303763  0.529214  -1.614577 -1.062798 -0.862958
184  0.459562  0.401623  1.618051 -0.283455  0.067121       1.227139      0.105301  1.071694 -0.975477 -0.631658  0.562060 -0.069351 -0.099769 -0.151897  1.733035 -0.437020 -0.585942  0.347051  0.311566        -0.622906       -0.202327 -0.853274 -0.851929 -1.889336   -0.793707 -1.071863 -2.069560 -0.412348 -1.417558  -1.214030  0.119284 -0.082167