         0-25     25-30     30-35     35-40       40+  Avg_game_time  Dmg_per_gold    Drag_%      FT_%     Games    Gd/min  Gd_at_15    Gold/M       KDA    O_0-25   O_25-30   O_30-35   O_35-40     O_40+  O_Avg_game_time  O_Dmg_per_gold  O_Drag_%    O_FT_%   O_Games  O_Gd/min  O_Gd_at_15  O_Gold/M     O_KDA      O_WR  O_Winrate        WR   Winrate
0   -1.799620 -2.031620 -2.098707 -1.680073 -1.715555      -2.433951      0.617977  1.955009  0.802792  1.070552  1.981226  2.151677  1.804776  0.554349  0.709833  0.539598 -0.638334 -0.196955  1.294575         0.621541        0.853438 -0.677230  0.838320  0.328947  0.921900    0.478050 -0.266925 -0.506497  0.041146   1.567546  1.625011  1.479415
1    0.991874  0.375779  2.062880  0.681863  0.810360       0.828653     -0.996898 -1.778592 -1.416936 -1.227431 -0.942232 -1.316665 -2.041658 -0.901297  0.711265  0.937316  1.201032 -0.748592 -1.948341        -0.622906        2.563653 -0.853274 -0.851929  0.095338 -1.071863   -0.793707 -0.800721  0.384355 -0.312476  -1.214030 -1.845084 -0.862958
2    0.653996  0.169169  0.300632 -0.555662 -0.727154      -0.217372     -1.470182  0.288548  0.802792  0.134337 -0.443443 -0.456830 -0.258481 -0.498178  0.324327 -0.789539 -0.459664 -0.724558  1.512207         1.195902        0.087395  1.101739 -0.851929 -0.138271  0.009860    0.660419 -0.982010 -0.457390 -0.394988  -0.023516 -0.039077 -0.862958
3    0.652732 -0.144574 -0.029091  0.125257  0.409009       0.073190      0.566312 -1.013659 -0.975477 -0.801879 -1.815113 -1.515016 -1.434818 -0.874983  0.651626  0.250083  0.189193  0.667124  0.579060         0.517112       -0.539781  0.230785 -0.851929 -0.138271  0.426995    0.040944  0.297085  0.952895  0.678571   0.371468 -1.412404 -1.643749
4    0.319910  0.126316  0.701143  0.416439  0.318156      -0.507935      2.519367 -0.849745 -0.975477 -0.035884 -1.129278 -0.847919 -0.445201 -0.317144 -2.204362 -2.437435 -2.788023 -1.589780 -1.148648         0.116801        0.328725 -0.223223  0.412803  2.431430 -0.032561    0.357436  0.417945 -0.204936  0.252412  -0.023516 -0.330703 -1.250623
5    0.335919 -0.563917 -0.319694 -1.414649 -2.231720       0.289037      0.053615  0.079102  1.691927 -0.886989  0.249320 -0.223861 -1.388138 -0.211365  0.693134  1.010426  0.328367 -0.106541 -0.508072        -0.013736        0.532997 -1.020052 -0.851929 -0.488685 -1.771801   -1.481691 -1.908598 -0.925640  0.105523  -1.614577 -1.236736  0.698624
6    0.720982  0.657382  0.514859 -1.532242 -2.145859       1.227139      0.137739  1.071694 -0.975477 -0.886989 -0.069351  0.562060 -0.659929 -0.862353 -2.033557 -1.017642 -0.869665 -0.087085 -0.866343        -2.641869        0.586714  2.000489  0.838320  1.730602  2.102604    2.299808  2.109976  1.447429  2.177382   1.567546 -0.883669 -0.082167
7   -1.143665  0.945107  0.373283  0.227171 -0.465577       0.579600     -0.465469  0.215697 -0.975477  0.304557  0.339379 -0.038608 -0.071761  2.305229  0.632541  1.242915  0.868141  0.081153 -0.035852         0.778185       -1.092325 -1.798351 -1.271536 -0.255076 -0.880970   -1.277129 -1.143156 -0.783851 -1.315310  -0.819046  0.521677  0.305499
8    0.335919 -1.489840 -1.318177 -1.966776 -1.895264       0.197717      0.369847 -0.230514  0.355116  0.304557 -0.110917  0.268275 -0.538561  0.947995  0.247990 -0.023348  0.431808  0.488586  0.535944        -0.318321       -1.584414  0.304909  0.838320  0.328947 -0.371925   -0.390373 -0.327355 -0.380616 -0.753143  -0.819046  0.583117 -0.082167
9    0.528029 -0.132330  0.317398  0.955126  0.652615       0.679221      0.874508 -0.676724  0.802792 -0.631658  0.824313  0.385228  0.301679  1.471627  0.934553  2.048586  1.065619 -0.044740 -1.348828         0.212527       -0.000071  0.091803  1.683445 -1.072708  0.335084   -0.150109 -0.125922 -0.136462  0.091015   0.772015  1.389633  1.479415
10  -1.143665  0.502807 -0.481761  0.380601 -0.786058       0.828653     -0.996898 -1.778592 -1.416936 -1.142320 -0.942232 -1.316665 -0.025081 -0.526597  0.445991 -0.203198 -0.457783 -0.212977 -0.217554        -0.318321       -1.584414  0.304909  0.838320 -0.021467 -0.371925   -0.390373 -0.548930  0.060660  0.139978  -0.819046 -1.639128 -0.862958
11  -1.285641  0.363536 -0.694125  0.077100 -0.338782      -0.507935      2.519367 -0.849745 -0.975477  1.325883 -1.129278 -0.847919  0.161639 -0.193472  0.384920 -0.390359 -0.437095 -0.335436 -0.201129         0.621541        0.853438 -0.677230  0.838320 -1.189513  0.921900    0.478050 -0.216567 -0.907657 -1.873851   1.567546 -0.090133 -1.250623
12   1.242122  0.675748  0.857622 -1.297057 -1.774460      -2.433951      0.617977  1.955009  0.802792 -0.972100  1.981226  2.151677  1.636728  2.284179  0.546661 -0.157870 -0.121130  0.614478 -0.135429        -0.013736        0.532997 -1.020052 -0.851929 -1.656731 -1.771801   -1.481691 -1.566163 -0.389608 -1.420490  -1.614577  1.890677  1.479415
13   0.567631 -0.161409  1.002924 -0.406711 -0.537460       0.197717      0.369847 -0.230514  0.355116 -0.461437 -0.110917  0.268275 -1.192081 -0.250834 -2.033557 -1.437292 -1.510999  0.202467 -0.750341         1.195902        0.087395  1.101739 -0.851929 -0.021467  0.009860    0.660419  0.478375 -0.709152  0.958748  -0.023516 -1.147603 -0.082167
14  -1.596977 -0.167531 -0.457544  0.427638  0.758443       0.679221      0.874508 -0.676724  0.802792  0.559889  0.824313  0.385228 -0.258481  0.105972  0.130620 -0.845102 -0.077873 -0.168343 -0.173412         0.517112       -0.539781  0.230785 -0.851929  1.847407  0.426995    0.040944 -1.163299 -0.249202 -0.223617   0.371468  0.549368  1.479415
15  -1.316395 -0.473621 -1.847224 -0.860283 -0.258911       0.197717      0.369847 -0.230514  0.355116  0.815220 -0.110917  0.268275  0.096287 -0.599221  0.284727 -1.033726 -0.619527 -0.011550 -0.453664         0.212527       -0.000071  0.091803  1.683445  0.679361  0.335084   -0.150109  0.226584  0.957045  1.509128   0.772015 -0.440604 -0.082167
16   0.796394  0.888481 -0.820798 -0.683334 -0.279877      -0.217372     -1.470182  0.288548  0.802792  0.559889 -0.443443 -0.456830 -0.902665 -0.575539  0.439311  0.421160  0.950893  0.433651  0.257745        -2.641869        0.586714  2.000489  0.838320 -0.255076  2.102604    2.299808  1.888401  3.631676  2.268054   1.567546 -0.851650 -0.862958
17   0.783333 -0.046625  0.186999 -0.124488 -0.311825       0.073190      0.566312 -1.013659 -0.975477 -0.631658 -1.815113 -1.515016 -0.090433  0.339107  0.163541 -0.507335 -1.055859 -1.594358 -2.048945         1.195902        0.087395  1.101739 -0.851929 -1.072708  0.009860    0.660419 -1.465447 -0.617162 -1.054174  -0.023516  0.178129 -1.643749
18   0.835574  2.322513  1.567364  0.419799  0.703532       0.579600     -0.465469  0.215697 -0.975477 -0.546547  0.339379 -0.038608 -1.229426  0.787484 -1.942905 -0.725202 -1.366181 -0.093952 -0.244245        -0.622906        2.563653 -0.853274 -0.851929  0.212142 -1.071863   -0.793707 -0.710076 -0.719527 -0.428536  -1.214030 -0.052057  0.305499
19   0.442085 -1.169976  0.594961  0.407480 -0.112148       0.289037      0.053615  0.079102  1.691927  0.049226  0.249320 -0.223861  0.283007  0.304374  0.278048 -0.247064 -0.700399 -1.333418 -1.614708         0.778185       -1.092325 -1.798351 -1.271536 -1.773536 -0.880970   -1.277129 -2.261105 -0.810134 -1.873851  -0.819046  1.476169  0.698624
20   0.942583  0.207430  0.669475  0.780417 -0.193018       0.197717      0.369847 -0.230514  0.355116 -0.972100 -0.110917  0.268275 -0.949345 -0.693422 -1.750153  0.764776 -0.681591  0.379860 -0.029693         0.778185       -1.092325 -1.798351 -1.271536 -0.255076 -0.880970   -1.277129 -0.327355  0.862288  0.607847  -0.819046 -1.196064 -0.082167
21  -1.428038 -0.387916 -1.649762  0.269728  0.020637      -0.217372     -1.470182  0.288548  0.802792  1.581214 -0.443443 -0.456830 -0.454537 -0.595011  0.127758 -1.286686 -0.627050 -2.300499 -2.216275         0.621541        0.853438 -0.677230  0.838320 -1.189513  0.921900    0.478050 -0.266925 -0.583271 -0.589026   1.567546 -0.483872 -0.862958
22   0.799343 -0.381794 -0.371853 -0.676614 -0.295851       0.289037      0.053615  0.079102  1.691927 -0.972100  0.249320 -0.223861 -0.314497 -0.181894 -1.491081  0.251545 -0.660903  1.449944  0.685823        -0.622906        2.563653 -0.853274 -0.851929 -0.722294 -1.071863   -0.793707 -0.679861 -0.812209 -1.159354  -1.214030  0.699941  0.698624
23  -1.496288 -0.308332  0.306221  1.080559 -1.038650      -2.433951      0.617977  1.955009  0.802792 -0.035884  1.981226  2.151677  1.057895  0.915893  0.375378  0.432858 -0.089157 -1.530268 -1.884694         0.517112       -0.539781  0.230785 -0.851929 -0.722294  0.426995    0.040944 -1.908598 -0.796301 -0.901845   0.371468  1.977213  1.479415
24  -1.430566 -0.071112 -0.632651  0.142056  0.844305       0.073190      0.566312 -1.013659 -0.975477 -1.057210 -1.815113 -1.515016 -0.585241 -0.405030  0.548570  0.399227  0.174147  0.156688 -0.246298        -0.318321       -1.584414  0.304909  0.838320  0.328947 -0.371925   -0.390373 -0.538859 -0.710536 -0.404962  -0.819046  0.131399 -1.643749
25  -1.285641  0.478320 -1.707510 -0.697893 -0.185030       1.227139      0.137739  1.071694 -0.975477  0.985441 -0.069351  0.562060 -0.454537 -0.625534  0.184057 -1.389040  0.151578  0.806749 -0.472142         0.212527       -0.000071  0.091803  1.683445 -0.138271  0.335084   -0.150109  0.075510  0.953587  1.917153   0.772015 -0.178400 -0.082167
26   0.720982  0.137029  0.615453 -1.425849 -1.885280      -0.507935      2.519367 -0.849745 -0.975477  0.304557 -1.129278 -0.847919 -0.473209 -0.326090 -2.033557 -1.267677 -2.078983 -0.710824 -0.781138        -2.641869        0.586714  2.000489  0.838320  2.431430  2.102604    2.299808  2.109976  1.515211  2.064042   1.567546 -0.859438 -1.250623
27  -1.572542 -0.860825 -0.619611 -0.008015 -0.724158       0.579600     -0.465469  0.215697 -0.975477 -0.206105  0.339379 -0.038608 -0.930673 -0.829198  0.345320  0.412387  0.149697  0.319203  0.218736         0.116801        0.328725 -0.223223  0.412803 -0.488685 -0.032561    0.357436  0.488446  0.483261  0.166273  -0.023516 -1.514516  0.305499
28   0.829254  2.790831  1.887773  1.279906  0.527817       0.679221      0.874508 -0.676724  0.802792 -1.057210  0.824313  0.385228 -1.425482 -0.705000  0.429292 -0.116928 -1.682146 -1.197226 -0.473168         1.195902        0.087395  1.101739 -0.851929  0.679361  0.009860    0.660419  0.156083 -0.373008  0.179874  -0.023516 -1.567303  1.479415
29   0.577742  0.548720  0.295044 -0.057292 -0.191021       0.828653     -0.996898 -1.778592 -1.416936 -0.801879 -0.942232 -1.316665 -1.453490 -0.694475  0.968428 -0.302627 -0.107965  0.427928  0.768974        -0.013736        0.532997 -1.020052 -0.851929  0.212142 -1.771801   -1.481691 -0.569073 -0.255426  0.392954  -1.614577 -1.993926 -0.862958
30   0.405433 -0.188957 -0.358813  0.088299 -0.442614       0.679221     -1.639504 -0.676724  0.802792 -0.376326  0.824313  0.385228 -0.043753 -0.541858  0.418318 -0.144710  1.868696  0.804461 -1.182524        -0.013736        0.532997 -1.020052 -0.851929 -0.371881 -1.771801   -1.481691 -0.407928 -0.523097 -0.136572  -1.614577 -0.547043  1.479415
31   0.940055 -1.486779  0.177685 -2.334113 -1.346152      -2.433951      0.617977  1.955009  0.802792 -0.035884  1.981226  2.151677  1.272623  0.203331  0.438357 -0.530730 -1.601274  0.031940 -0.442372         0.212527       -0.000071  0.091803  1.683445 -0.722294  0.335084   -0.150109 -1.848169 -0.765176 -0.815706   0.772015  1.650106  1.479415
32   0.366674  0.114072  0.622904  0.324605  0.278220       0.828653     -0.996898 -1.778592 -1.416936 -0.461437 -0.942232 -1.316665 -0.912001 -0.243993  0.518989 -0.960616  1.208555  1.189004 -0.291467         1.195902        0.087395  1.101739 -0.851929 -1.423122  0.009860    0.660419  0.790595  0.340780  1.224417  -0.023516 -1.416730 -0.862958
33  -1.483649 -1.723999 -1.100224  0.011024 -0.461583      -0.217372     -1.470182  0.288548  0.802792  0.474778 -0.443443 -0.456830 -0.669265 -0.552384  0.587693  1.248764  1.590346  1.056245  1.501941        -0.622906        2.563653 -0.853274 -0.851929 -1.656731 -1.071863   -0.793707 -1.274087 -0.430415  0.543469  -1.214030 -0.961551 -0.862958
34   1.122054  1.254258  1.341961  0.158855 -0.597363      -0.507935      2.519367 -0.849745 -0.975477  0.049226 -1.129278 -0.847919 -0.286489 -0.370296 -1.708644  0.153578 -0.369388  0.437084 -0.354087         1.195902        0.087395  1.101739 -0.851929  0.445752  0.009860    0.660419 -0.297140 -0.539697  0.073788  -0.023516 -0.691559 -1.250623
35   0.699075 -1.211298 -0.299203  0.582189 -0.276882       0.828653     -0.996898 -1.778592 -1.416936 -1.227431 -0.942232 -1.316665 -2.956586 -1.166007  0.161155 -1.416822  0.350936 -1.804942 -0.295573         0.621541       -1.760463 -0.677230  0.838320 -0.955904  0.921900    0.478050  0.317229  0.931454  1.034913   1.567546 -2.061424 -0.862958
36  -1.423825 -0.058869 -1.325628 -0.028174  0.615674       0.289037      0.053615  0.079102  1.691927 -0.546547  0.249320 -0.223861 -1.052041 -0.589748  0.105333 -1.231123 -0.753059  0.152110  0.682743         0.517112       -0.539781  0.230785 -0.851929 -0.138271  0.426995    0.040944 -0.931652 -0.289318  0.198915   0.371468 -1.390770  0.698624
37   0.316118 -0.848581 -1.396416 -0.177125 -0.527477       0.197717      0.369847 -0.230514  0.355116 -0.120995 -0.110917  0.268275  0.133631 -0.363981  0.512786 -0.042356  0.977224  0.354682  0.501041        -0.013736        0.532997 -1.020052 -0.851929 -0.138271 -1.771801   -1.481691 -0.931652 -0.651745 -0.347838  -1.614577  0.404853 -0.082167
38  -1.453737 -0.651153 -0.908352  0.196932  0.519829       0.579600     -0.465469  0.215697 -0.975477  0.985441  0.339379 -0.038608 -0.715945 -0.176105  0.164018  0.080468 -0.015808  0.033085 -0.764713        -0.318321       -1.584414  0.304909  0.838320  1.029775 -0.371925   -0.390373 -0.377713 -0.052771 -0.221804  -0.819046  0.545907  0.305499
39   0.528029  1.304763  0.794285  0.837533 -0.169056       0.197717      0.369847 -0.230514  0.355116 -1.227431 -0.110917  0.268275 -1.192081 -0.791834  0.487977 -0.444460  0.097036  0.240235  0.284436        -2.641869        0.586714  2.000489  0.838320 -0.138271  2.102604    2.299808  2.079761  0.553810  1.337758   1.567546 -1.051548 -0.082167
40   0.610182 -0.179774 -1.275331 -0.327196 -0.678233      -0.217372     -1.470182  0.288548  0.802792  1.921656 -0.443443 -0.456830 -1.014697 -0.550805  0.097699 -1.283762 -1.347374  0.302036 -0.647684         0.212527       -0.000071  0.091803  1.683445  0.562556  0.335084   -0.150109  0.961812  0.663783  1.636069   0.772015 -0.628387 -0.862958
41   0.395743 -2.062229 -0.308517 -2.260198 -0.765092      -2.433951      0.617977  1.955009  0.802792  0.985441  1.981226  2.151677  1.197935  0.124392  0.163064 -0.460545 -1.136731  0.199033  1.253513         0.778185       -0.697773 -1.798351 -1.271536  0.095338 -0.880970   -1.277129 -0.085636 -0.741660 -1.501188  -0.819046  1.492611  1.479415
42  -1.285641  0.245691 -1.109538  0.329084  0.387044      -0.507935      2.519367 -0.849745 -0.975477  0.985441 -1.129278 -0.847919 -0.547897 -0.325564  0.418318 -0.220744  0.879425  0.498886  0.218736        -0.013736        0.532997 -1.020052 -0.851929 -0.255076 -1.771801   -1.481691 -1.294230 -0.967140 -1.043294  -1.614577 -0.090133 -1.250623
43   0.783333 -0.005303  0.367695  0.527312 -0.089185       0.579600     -0.465469  0.215697 -0.975477  2.347209  0.339379 -0.038608  0.124295 -0.199261  0.429292 -0.116928 -1.682146 -1.197226 -0.473168         1.195902        0.087395  1.101739 -0.851929  0.679361  0.009860    0.660419  0.156083 -0.373008  0.179874  -0.023516  0.333893  0.305499
44   0.349401  0.435467  1.371766  0.825214  0.063567       0.197717      0.369847 -0.230514  0.355116  0.134337 -0.110917  0.268275 -1.490834 -0.447131  0.811935  0.285176  1.278142 -0.810393 -1.790251         0.621541       -1.760463 -0.677230  0.838320 -1.423122  0.921900    0.478050 -0.055421 -0.101187 -0.967129   1.567546 -0.552236 -0.082167
45   0.942583  0.207430  0.669475  0.780417 -0.193018       0.073190      0.566312 -1.013659 -0.975477 -0.546547 -1.815113 -1.515016 -0.491881  0.014403  0.127758 -0.970851 -0.452141 -1.737418 -1.385784        -2.641869        0.586714  2.000489  0.838320  1.029775  2.102604    2.299808  1.646682  3.200083  2.086710   1.567546 -0.052923 -1.643749
46   0.448826  0.455363  1.215287  0.406360  0.217319       1.227139      0.137739  1.071694 -0.975477 -0.376326 -0.069351  0.562060 -0.379849 -0.788150  0.438357 -0.213433 -0.585673 -0.217555 -0.617914        -0.318321       -1.584414  0.304909  0.838320  1.964212 -0.371925   -0.390373  0.981955 -0.075596  0.917039  -0.819046 -0.890591 -0.082167
47   0.448826 -0.951122  0.153468  0.280927  0.529813       0.579600     -0.465469  0.215697 -0.975477  2.262098  0.339379 -0.038608  0.254999  0.005982  0.495610 -0.581907 -0.760582 -1.103379  1.447533         0.778185       -0.697773 -1.798351 -1.271536 -0.605490 -0.880970   -1.277129 -0.095708 -0.507189 -1.085910  -0.819046  0.319182  0.305499
48   0.379734 -0.436890 -0.485487 -0.284638  0.291199       0.679221     -1.639504 -0.676724  0.802792  0.049226  0.824313  0.385228  0.311015  0.149652  0.752296 -0.900666 -0.232094 -2.014381  0.059618        -0.622906        2.563653 -0.853274 -0.851929 -0.605490 -1.071863   -0.793707 -0.921580  0.203141 -0.448484  -1.214030  0.560618  1.479415
49  -1.701037  0.164577  0.069640  0.158855 -0.299845       0.289037      0.053615  0.079102  1.691927 -0.631658  0.249320 -0.223861 -0.127777 -0.027699  0.243696  0.086317  0.335890  0.517197 -0.757527         0.116801        0.328725 -0.223223  0.412803  0.445752 -0.032561    0.357436 -0.015135 -0.252660 -0.065848  -0.023516  0.670519  0.698624
50   0.471997 -1.439335 -0.796581 -1.691272 -2.139868      -2.433951      0.617977  1.955009  0.802792  1.240773  1.981226  2.151677  1.272623  1.148501  0.618705 -0.883120 -1.215722 -1.803797  1.134431         0.517112       -0.539781  0.230785 -0.851929  1.263384  0.426995    0.040944 -0.689933 -0.662811 -0.570892   0.371468  1.708086  1.479415
51   0.455988 -0.068051 -0.193021  0.120777  0.421988       0.679221     -1.199086 -0.676724  0.802792 -0.035884  0.824313  0.385228 -0.025081  0.831690  0.161155  0.046838 -0.344938 -1.216682 -0.187784         0.212527       -0.000071  0.091803  1.683445 -0.839099  0.335084   -0.150109 -1.868312 -0.898666 -1.297176   0.772015  0.848783  1.479415
52  -1.741060 -1.238846 -1.716825 -1.512083 -2.588143       1.227139      0.137739  1.071694 -0.975477  0.134337 -0.069351  0.562060 -0.575905 -0.636060  0.599621  0.570304 -0.038377 -0.564331 -0.588144        -0.013736        1.762355 -1.020052 -0.851929  0.095338 -1.771801   -1.481691 -0.518715 -0.437332 -0.159240  -1.614577 -0.477815 -0.082167
53  -1.098587 -0.273132 -0.425876  0.466836 -0.213984      -0.217372     -1.470182  0.288548  0.802792  1.325883 -0.443443 -0.456830 -0.071761 -0.460287  0.133483 -0.475167 -0.504801  0.018206 -0.269909         0.116801        0.328725 -0.223223  0.412803 -0.138271 -0.032561    0.357436 -1.384874 -0.694627 -0.665191  -0.023516 -0.057249 -0.862958
54   0.552886  1.252728  0.259650  0.147655 -0.766091       0.679221     -1.199086 -0.676724  0.802792 -1.142320  0.824313  0.385228  0.357695  0.562770  0.191690 -1.058583 -1.208199  0.406183  0.779240        -0.318321       -1.584414  0.304909  0.838320  0.562556 -0.371925   -0.390373 -0.327355 -0.847483 -0.972569  -0.819046  0.895512  1.479415
55  -1.580968 -0.839399 -0.388619 -1.752869 -1.957164      -0.507935      2.519367 -0.849745 -0.975477  0.049226 -1.129278 -0.847919 -1.080049 -0.711842  0.571948 -0.445923  0.317083  0.377571 -0.459823         0.517112       -0.539781  0.230785 -0.851929 -0.722294  0.426995    0.040944  0.357515  0.999236  0.936987   0.371468 -0.811844 -1.250623
56   0.691913 -0.436890  1.297252 -1.743909 -0.826992       0.828653     -0.617424 -1.778592 -1.416936 -1.312541 -0.942232 -1.316665  0.077615 -0.054538  0.686455  0.938778  0.085752 -0.518552 -0.086154         0.212527       -0.000071  0.091803  1.683445 -0.839099  0.335084   -0.150109 -1.626593 -0.099804 -0.850162   0.772015  0.030152 -0.862958
57   0.699496  0.313031  0.578196 -0.125608  0.169396       0.197717      0.369847 -0.230514  0.355116 -0.461437 -0.110917  0.268275  0.749807  0.731174 -2.224401 -1.345174 -0.882831 -0.650167 -1.812835         1.195902        0.087395  1.101739 -0.851929 -0.255076  0.009860    0.660419 -0.468357 -0.896591 -0.843815  -0.023516  0.967337 -0.082167
58   0.584483  0.098768  1.492851  1.126476  0.491875       0.073190      1.748690 -1.013659 -0.975477 -0.206105 -1.815113 -1.515016 -0.538561 -0.589222  0.143025  0.719448  0.683828  1.005888  0.007264         0.778185       -0.697773 -1.798351 -1.271536 -0.021467 -0.880970   -1.277129  0.035223 -0.440098 -1.425930  -0.819046 -0.149843 -1.643749
59   0.367095 -0.224157  0.280141  0.774817  0.892227      -2.433951      0.617977  1.955009  0.802792 -0.376326  1.981226  2.151677  1.954152  1.338483  0.711265  0.750155  1.571538 -1.261316 -1.254384        -0.622906        2.563653 -0.853274 -0.851929 -1.189513 -1.071863   -0.793707 -1.636665 -1.207836 -1.672559  -1.214030  1.364538  1.479415
60   0.543196  1.088970 -0.038405  0.513873 -0.253919       0.289037      0.053615  0.079102  1.691927  0.304557  0.249320 -0.223861 -0.351841  0.297006  0.401619  0.428471 -0.072231 -0.359470 -0.360246        -2.641869        0.586714  2.000489  0.838320  0.328947  2.102604    2.299808  1.183388  0.617442  0.590619   1.567546  0.456775  0.698624
61  -1.799620 -2.114264 -2.480590 -2.253478 -2.107920      -0.507935      2.418537 -0.849745 -0.975477 -0.035884 -1.129278 -0.847919 -0.258481 -0.385558  0.409253  0.413849 -0.463425 -0.036728  0.046273        -0.318321       -1.584414  0.304909  0.838320  2.197821 -0.371925   -0.390373  0.287014 -0.233985  0.414715  -0.819046 -0.811844 -1.250623
62   0.290841 -0.628196  0.680652  0.769218  0.951132       0.679221     -1.199086 -0.676724  0.802792  0.304557  0.824313  0.385228 -0.678601  0.140706 -1.918096  0.520590 -0.832051  0.133798  0.247480         0.778185       -1.294010 -1.798351 -1.271536 -0.605490 -0.880970   -1.277129 -0.548930  0.162333  0.457331  -0.819046  0.091593  1.479415
63   0.954800  0.597695  0.086406 -0.118888  0.533807       0.197717      0.369847 -0.230514  0.355116 -0.972100 -0.110917  0.268275 -0.445201  1.051669 -1.979643  0.096552 -1.132969  0.181866 -0.198049         0.517112       -0.539781  0.230785 -0.851929  0.796166  0.426995    0.040944 -1.163299 -0.887599 -1.250933   0.371468  1.111852 -0.082167
64   0.610182  0.088055 -0.789130 -0.401111 -0.306833      -0.217372     -1.470182  0.288548  0.802792  2.091877 -0.443443 -0.456830 -0.809305 -0.434501  0.094837 -2.399418 -1.292833 -2.840691 -1.520264        -0.013736        1.762355 -1.020052 -0.851929 -1.539927 -1.771801   -1.481691 -1.435232 -0.891749 -1.118552  -1.614577 -0.195707 -0.862958
65  -1.339988  0.231917 -1.014534  0.444437  0.686560       0.579600     -0.465469  0.215697 -0.975477  0.815220  0.339379 -0.038608 -0.762625 -0.645532  0.539027 -0.826094 -1.121685 -0.138587 -0.834519         0.212527       -0.000071  0.091803  1.683445 -0.255076  0.335084   -0.150109  0.750308  0.241182  0.816393   0.772015 -0.776364  0.305499
66   1.165026  0.155395 -1.301411 -0.835645  0.949135       1.227139      0.455968  1.071694 -0.975477 -0.801879 -0.069351  0.562060  0.357695 -0.407135  0.865372  0.840811 -0.476590 -0.836716 -0.405415        -0.622906        2.458818 -0.853274 -0.851929 -0.605490 -1.071863   -0.793707 -0.417999 -0.252660 -0.236311  -1.214030  0.414372 -0.082167
67   0.367095  0.948168  1.202248  0.445557  0.026627       0.828653     -1.190876 -1.778592 -1.416936 -1.227431 -0.942232 -1.316665 -1.154737 -0.999708  0.007525 -1.739967 -0.690995 -2.859003 -1.940129         0.116801        0.328725 -0.223223  0.412803  0.212142 -0.032561    0.357436  0.901382 -0.186953  0.745668  -0.023516 -2.133249 -0.862958
68  -1.723365 -1.699512 -1.452301 -1.084269 -2.396453       0.073190      1.748690 -1.013659 -0.975477 -1.567873 -1.815113 -1.515016 -0.025081  0.398049  0.538073  1.261923  0.785388  0.481719  0.879843         0.621541       -1.760463 -0.677230  0.838320 -1.072708  0.921900    0.478050 -0.830935 -0.294159 -0.702366   1.567546  0.534657 -1.643749
69   1.390839  0.256404 -0.932569 -1.173864  0.155419      -2.433951      0.617977  1.955009  0.802792 -1.057210  1.981226  2.151677  2.178216  0.580663 -1.967238 -0.175416 -0.817005 -0.028717 -0.893033         1.195902        0.418269  1.101739 -0.851929  1.613798  0.009860    0.660419 -0.287068 -0.630995 -0.063127  -0.023516  1.160313  1.479415
70  -1.445733  0.345170 -0.872958 -0.120008 -0.441615       0.289037      0.053615  0.079102  1.691927  0.134337  0.249320 -0.223861 -0.071761 -0.105059  0.599621  0.103863  0.100798  0.101753  0.691982         1.195902        0.418269  1.101739 -0.851929 -0.138271  0.009860    0.660419 -1.364731 -0.853708 -0.847442  -0.023516  0.101112  0.698624
71   0.678431  0.291605 -1.331217 -0.424630 -0.067221      -2.433951      0.617977  1.955009  0.802792 -0.801879  1.981226  2.151677  1.636728  1.015883 -2.233466 -2.330695 -2.013157 -1.300228 -1.794357        -0.318321       -1.584414  0.304909  0.838320  0.445752 -0.371925   -0.390373 -1.052511 -0.626154 -0.525556  -0.819046  1.977213  1.479415
72   0.341396 -1.191402  0.906056  0.130856  2.375827       0.679221     -1.639504 -0.676724  0.802792 -0.376326  0.824313  0.385228 -0.921337 -0.398188  0.094837 -0.921137 -1.565540 -2.069315 -2.416455         0.116801        0.328725 -0.223223  0.412803  1.496993 -0.032561    0.357436  0.055367 -0.550072  0.292307  -0.023516 -0.507237  1.479415
73   1.096776  0.665035  0.878113  1.351582  0.135451      -0.507935      2.418537 -0.849745 -0.975477 -1.057210 -1.129278 -0.847919  0.507071  0.947468  0.741800  0.016132  0.191073  0.267702 -0.189837         0.778185       -0.697773 -1.798351 -1.271536 -0.722294 -0.880970   -1.277129 -1.364731 -0.925640 -1.685253  -0.819046  0.439467 -1.250623
74   0.474525 -0.941939  0.483191  0.803935  0.026627       0.579600      0.082600  0.215697 -0.975477  1.325883  0.339379 -0.038608  0.395039  0.551718  0.517557  0.112637  0.238092  0.289447  1.143670        -0.013736        1.762355 -1.020052 -0.851929 -0.138271 -1.771801   -1.481691 -0.911508  0.028152 -0.400428  -1.614577  1.054739  0.305499
75   0.851162 -0.597587 -0.314105 -2.639855 -0.958779       1.227139      0.455968  1.071694 -0.975477 -1.057210 -0.069351  0.562060 -1.098721 -0.916032  0.184057 -0.771993 -0.179433 -0.230145 -1.124010         0.621541       -1.760463 -0.677230  0.838320 -1.072708  0.921900    0.478050  1.445250  2.605260  1.639696   1.567546 -0.659540 -0.082167
76   0.691913 -0.345063  0.764480 -2.388990 -2.124893       0.828653     -0.617424 -1.778592 -1.416936 -1.057210 -0.942232 -1.316665 -0.678601 -0.719209 -1.721526 -0.448847 -0.974987  0.360404 -0.727756        -2.641869        0.586714  2.000489  0.838320 -0.021467  2.102604    2.299808  1.989117  0.523377  2.131139   1.567546 -1.700569 -0.862958
77   0.528029 -0.113965  0.852033  1.032401  0.096514       0.073190      1.748690 -1.013659 -0.975477  0.474778 -1.815113 -1.515016 -1.229426 -0.160843  0.418318  0.748692  1.409794  0.517197 -1.584938         0.212527       -0.000071  0.091803  1.683445 -0.021467  0.335084   -0.150109 -0.700004 -0.469148 -0.445764   0.772015 -0.558293 -1.643749
78  -1.521987 -0.453725 -1.055516  0.602348  0.273228      -0.217372     -1.470182  0.288548  0.802792  2.347209 -0.443443 -0.456830 -0.277153 -0.529228  0.512786  1.065989  1.035527  0.860540  0.673504         0.517112        0.030065  0.230785 -0.851929 -0.021467  0.426995    0.040944 -0.377713 -0.433873 -0.637082   0.371468 -0.242437 -0.862958
79  -1.799620 -2.323936 -2.122924 -1.842463 -1.991109       0.197717      0.369847 -0.230514  0.355116  1.921656 -0.110917  0.268275  0.460391 -0.471339  0.438357 -0.720816 -0.115488  0.562976 -0.899193        -0.622906        2.458818 -0.853274 -0.851929 -2.007145 -1.071863   -0.793707 -1.596378 -0.938782 -1.042387  -1.214030  0.328701 -0.082167
80   0.525502 -1.664312 -1.629271 -2.808964  0.432970       0.289037      0.053615  0.079102  1.691927  0.304557  0.249320 -0.223861 -0.594577 -0.495547 -1.976303 -1.188719  0.010522  1.049378  0.454846        -0.318321       -1.584414  0.304909  0.838320  1.730602 -0.371925   -0.390373 -0.448214 -0.379233  0.260572  -0.819046 -0.822228  0.698624
81  -1.448682  0.279361  0.324849  1.111917  0.813355      -2.433951      0.617977  1.955009  0.802792 -0.631658  1.981226  2.151677  2.392944  0.516458  0.352000 -0.631622 -1.159300  0.612189 -0.735969         0.116801        0.328725 -0.223223  0.412803 -0.255076 -0.032561    0.357436 -0.407928 -0.873075 -0.665191  -0.023516  1.977213  1.479415
82   0.359933 -0.227218 -0.442641  0.011024  0.175387       0.579600      0.082600  0.215697 -0.975477  2.772761  0.339379 -0.038608  0.245663  0.074397  0.642561  1.781003 -0.536774 -0.571198 -1.247198         0.621541       -1.760463 -0.677230  0.838320 -1.072708  0.921900    0.478050 -0.750363 -0.547997 -1.005211   1.567546  0.550234  0.305499
83   0.365410 -0.352715  0.358380 -1.198503 -2.029048       0.828653     -0.617424 -1.778592 -1.416936 -0.972100 -0.942232 -1.316665 -0.669265 -0.659741  0.653534  0.000047 -0.358104 -1.942279  0.292649         1.195902        0.418269  1.101739 -0.851929 -0.021467  0.009860    0.660419  0.105725 -0.389608  0.310442  -0.023516 -2.025079 -0.862958
84   0.801449 -1.157732 -0.124095 -1.188423 -0.950792       0.073190      1.748690 -1.013659 -0.975477 -0.120995 -1.815113 -1.515016 -1.397474 -0.328195 -1.883267 -0.301165 -0.126772  1.056245  0.875737        -0.622906        2.458818 -0.853274 -0.851929  1.146579 -1.071863   -0.793707  0.176226 -0.344650  0.276893  -1.214030 -0.821363 -1.643749
85  -1.187480 -0.403220 -0.332734  0.012144 -0.338782       1.227139      0.455968  1.071694 -0.975477  0.474778 -0.069351  0.562060 -0.753289 -0.681318  0.470323  0.817416  0.949012  0.560687  0.659132         0.517112       -0.539781  0.230785 -0.851929 -0.255076  0.426995    0.040944  0.015080 -0.187644 -0.211830   0.371468 -0.501179 -0.082167
86  -1.799620 -2.697366 -0.954923 -0.981236 -1.385089      -0.507935      2.418537 -0.849745 -0.975477  0.219447 -1.129278 -0.847919 -0.230473  0.239644  0.272322 -0.693034  0.121486  0.897163  0.597538         0.212527       -0.000071  0.091803  1.683445 -0.605490  0.335084   -0.150109 -0.005063  0.138125 -0.332424   0.772015 -0.234648 -1.250623
87  -1.232137 -0.672579 -0.247043  0.788256  1.001051       0.197717      0.369847 -0.230514  0.355116  0.815220 -0.110917  0.268275  0.544415 -0.316617  0.345320 -0.717891  0.277587 -0.698235  0.973261        -0.013736        1.762355 -1.020052 -0.851929 -0.605490 -1.771801   -1.481691 -1.022296 -0.226377 -0.752236  -1.614577  0.532926 -0.082167
88   0.835153  1.607793  1.567364  0.900250  0.748460       0.679221     -1.639504 -0.676724  0.802792 -1.227431  0.824313  0.385228 -0.883993 -0.483969  0.245127 -0.324560  0.715800 -1.609237  0.002131        -2.641869        0.586714  2.000489  0.838320  0.095338  2.102604    2.299808  2.563199  0.528911  2.190983   1.567546 -1.855468  1.479415
89  -1.741060 -1.009279 -1.193366 -1.467286 -2.004088      -0.217372     -1.470182  0.288548  0.802792  1.070552 -0.443443 -0.456830 -0.398521 -0.669214  0.549524  0.378756  1.424840  0.236801  2.247227         0.778185       -0.697773 -1.798351 -1.271536 -1.423122 -0.880970   -1.277129  0.428016 -0.539005 -1.873851  -0.819046 -0.592907 -0.862958
90  -1.077943 -0.303741 -0.982865  0.625866  0.590715      -0.507935      2.418537 -0.849745 -0.975477  0.134337 -1.129278 -0.847919  0.273671 -0.299777  0.568608  0.444555  0.586029 -0.160332 -0.445451        -0.013736        1.762355 -1.020052 -0.851929 -1.072708 -1.771801   -1.481691 -1.102869 -0.845408 -0.703273  -1.614577  0.063901 -1.250623
91   0.438294  0.323744  0.820365  0.398520  0.133454      -0.217372     -1.470182  0.288548  0.802792 -0.291216 -0.443443 -0.456830  0.077615  0.010719  0.665462  0.083393 -0.625169  0.756393  1.346930         0.517112        0.030065  0.230785 -0.851929  0.912970  0.426995    0.040944  0.317229 -0.257501 -0.103023   0.371468  0.086400 -0.862958
92   0.598385 -0.227218 -0.038405 -1.021553  1.650001       1.227139      0.455968  1.071694 -0.975477  0.219447 -0.069351  0.562060 -0.977353 -0.529228  0.654965  0.330504  0.696993 -0.621555 -0.949494        -0.622906        2.458818 -0.853274 -0.851929 -0.021467 -1.071863   -0.793707 -0.065493  0.576635  0.065627  -1.214030 -0.201765 -0.082167
93  -1.815629 -0.634318 -0.619611  0.424279  0.511842       0.197717      0.369847 -0.230514  0.355116  1.666325 -0.110917  0.268275  0.385703  0.382261  0.596281 -0.381586 -0.062827 -1.257883  0.506174        -0.318321       -1.584414  0.304909  0.838320  0.212142 -0.371925   -0.390373 -0.971938 -0.592262 -0.688765  -0.819046  0.604751 -0.082167
94   0.570580  0.306909 -0.377442  0.177894 -0.622323       0.197717      0.369847 -0.230514  0.355116 -0.291216 -0.110917  0.268275  0.189647 -0.678687  0.636835 -1.016180 -0.815124 -0.697090  2.964796         0.517112       -0.539781  0.230785 -0.851929  0.562556  0.426995    0.040944  0.035223 -0.482981 -0.544597   0.371468 -0.200899 -0.082167
95   0.616922 -0.609831 -0.543235  0.238370  0.885238       0.579600     -0.465469  0.215697 -0.975477  1.836546  0.339379 -0.038608  0.040271 -0.132951 -1.947199 -1.342249 -0.707922  0.735792 -0.549134         0.116801        0.328725 -0.223223  0.412803  1.847407 -0.032561    0.357436  0.307157 -0.473989  0.201635  -0.023516  0.297548  0.305499
96   0.616922 -0.609831 -0.543235  0.238370  0.885238       0.579600      0.082600  0.215697 -0.975477  1.836546  0.339379 -0.038608  0.320351 -0.087166 -1.967238 -0.602378  0.258780  1.003599 -0.795510         0.116801        0.328725 -0.223223  0.412803  1.263384 -0.032561    0.357436  0.015080 -0.394449  0.050213  -0.023516  0.513888  0.305499
97   1.062230 -0.312923 -1.029436 -0.607179  0.904208       0.197717      0.369847 -0.230514  0.355116 -0.716768 -0.110917  0.268275  0.002927 -0.485022 -1.967238 -0.529268 -0.540536  0.145243 -0.374618         0.517112        0.030065  0.230785 -0.851929  0.796166  0.426995    0.040944  0.226584 -0.705694 -0.517395   0.371468  0.664461 -0.082167
98  -1.284377 -0.386385  0.242884  0.417559  0.105500      -2.433951      0.617977  1.955009  0.802792  0.474778  1.981226  2.151677  2.056848  1.750547  0.272799  1.263386  0.458139 -0.146598 -1.579805        -0.318321       -1.584414  0.304909  0.838320 -0.371881 -0.371925   -0.390373 -0.146066 -0.834342 -0.519208  -0.819046  1.890677  1.479415
99   0.341396  0.617591 -0.293614  0.638186  0.519829      -0.217372     -1.470182  0.288548  0.802792  0.304557 -0.443443 -0.456830 -1.164073 -0.801833 -1.595091 -0.308476  0.305799 -0.048173  0.758709        -2.641869        0.586714  2.000489  0.838320  0.445752  2.102604    2.299808  2.351695  2.106576  2.040467   1.567546 -0.778960 -0.862958
100  0.525502 -1.330673 -1.783887 -3.104626 -0.916847      -0.217372     -1.470182  0.288548  0.802792 -0.035884 -0.443443 -0.456830 -1.444154 -0.846039  0.845810  0.633179  0.783507  0.766693  1.035881        -2.641869        0.586714  2.000489  0.838320 -0.138271  2.102604    2.299808  1.807828  4.693367  2.040467   1.567546 -1.467787 -0.862958
101  0.694440  0.115603 -0.695988 -0.387672 -0.958779       0.579600      0.082600  0.215697 -0.975477  1.666325  0.339379 -0.038608  0.385703  0.074397  0.454102  0.653650 -0.233975 -0.021850  0.192045         1.195902        0.418269  1.101739 -0.851929 -0.955904  0.009860    0.660419 -0.780577 -0.367475 -1.107671  -0.023516  0.622924  0.305499
102  0.306850 -1.147019 -1.163561 -2.695851 -0.101166       1.227139      0.455968  1.071694 -0.975477 -0.035884 -0.069351  0.562060 -1.154737 -0.780256  1.178834  1.023585 -0.858381  0.410761  2.034728         0.517112        0.030065  0.230785 -0.851929  0.212142  0.426995    0.040944  0.488446 -0.449090 -0.092143   0.371468 -0.742615 -0.082167
103  1.404742  0.250283 -0.621474 -1.126827 -0.662259       0.579600      0.082600  0.215697 -0.975477 -1.142320  0.339379 -0.038608  1.309967 -0.271359  0.226997 -0.131550 -0.143699 -0.439583  2.021383         1.195902        0.418269  1.101739 -0.851929  0.212142  0.009860    0.660419 -0.045349 -0.646903 -0.078542  -0.023516  0.350335  0.305499
104  0.752579  0.441589  0.259650  0.706501  0.731487      -0.217372     -1.470182  0.288548  0.802792  1.581214 -0.443443 -0.456830 -0.846649 -0.345562  0.181194 -2.395031 -1.439530 -2.951705 -0.400282         0.212527       -0.000071  0.091803  1.683445  0.562556  0.335084   -0.150109  0.176226  1.437054  0.093735   0.772015 -0.310800 -0.862958
105  0.752579  0.441589  0.259650  0.706501  0.731487      -0.217372     -1.470182  0.288548  0.802792  1.581214 -0.443443 -0.456830 -0.846649 -0.345562  0.181194 -2.395031 -1.439530 -2.951705 -0.400282         0.212527       -0.000071  0.091803  1.683445  0.562556  0.335084   -0.150109  0.176226  1.437054  0.093735   0.772015 -0.310800 -0.862958
106  0.900032  1.571062  0.071503  0.761378  1.457313       0.289037      0.053615  0.079102  1.691927 -1.397652  0.249320 -0.223861  0.096287 -0.560278  0.539027 -0.546814  0.185431  0.488586 -0.013268        -0.318321       -1.584414  0.304909  0.838320  2.081016 -0.371925   -0.390373 -0.206495 -0.144762  0.566137  -0.819046 -1.628744  0.698624
107  0.592487  0.865524  0.386323  0.631466 -0.111150      -0.217372     -1.470182  0.288548  0.802792  2.432319 -0.443443 -0.456830 -0.295825 -0.379243  0.530917 -0.944532 -1.381227 -3.422084 -1.228720         0.212527       -0.000071  0.091803  1.683445 -0.839099  0.335084   -0.150109  1.112886  0.679691  1.014965   0.772015 -0.450123 -0.862958
108  0.681380  0.406389  1.382943  0.817375 -0.134113      -0.217372     -1.470182  0.288548  0.802792  1.155662 -0.443443 -0.456830 -0.361177 -0.287147  0.345320  0.058535 -0.017689 -0.431572 -0.887900         0.212527       -0.000071  0.091803  1.683445  0.679361  0.335084   -0.150109  0.287014  0.792431  1.021312   0.772015 -0.097921 -0.862958
109  0.595015 -1.084271 -0.323419 -2.766407 -0.319812      -2.433951      0.617977  1.955009  0.802792 -0.035884  1.981226  2.151677  1.832784  0.530667  0.438357 -0.782228 -0.311085  0.543520  0.133531         0.116801        0.328725 -0.223223  0.412803 -0.021467 -0.032561    0.357436 -0.458286 -0.897974 -0.891871  -0.023516  1.205311  1.479415
110  0.993980  0.614530 -0.958648 -0.238721  0.845303       0.197717      0.369847 -0.230514  0.355116 -0.461437 -0.110917  0.268275  0.105623 -0.642375  0.421181 -0.858262  0.364102 -1.378053 -1.737896        -2.641869        0.586714  2.000489  0.838320  0.912970  2.102604    2.299808  2.532984  2.778865  2.251733   1.567546 -0.272724 -0.082167
111 -1.739375  0.184473 -0.641965 -0.189444 -0.953787       0.197717      0.369847 -0.230514  0.355116  0.985441 -0.110917  0.268275 -0.669265 -0.462919  0.538550 -1.602521 -1.753614 -3.246980 -0.445451        -2.641869        0.586714  2.000489  0.838320  0.328947  2.102604    2.299808  1.707112  0.403721  1.322343   1.567546  0.316586 -0.082167
112  0.902138  1.193040  1.418337 -0.196164  2.126231      -2.433951      0.617977  1.955009  0.802792 -0.376326  1.981226  2.151677  2.271576  0.752225  0.093883  0.928543  0.569103 -1.328840 -2.666937         0.116801        0.328725 -0.223223  0.412803 -0.021467 -0.032561    0.357436  0.397802 -0.463615  0.292307  -0.023516  1.724527  1.479415
113  0.359933 -0.303741  0.533488  0.667304 -0.191021       0.579600      0.082600  0.215697 -0.975477  2.432319  0.339379 -0.038608  0.749807  0.197542 -1.785936 -0.146172 -0.758702  0.256257 -0.051251         0.212527       -0.000071  0.091803  1.683445  1.029775  0.335084   -0.150109 -0.085636 -0.601254 -0.328797   0.772015  0.550234  0.305499
114  0.359933 -0.303741  0.533488  0.667304 -0.191021       0.579600      0.082600  0.215697 -0.975477  2.432319  0.339379 -0.038608  0.749807  0.197542 -1.785936 -0.146172 -0.758702  0.256257 -0.051251         0.212527       -0.000071  0.091803  1.683445  1.029775  0.335084   -0.150109 -0.085636 -0.601254 -0.328797   0.772015  0.550234  0.305499
115  0.359933 -0.790424 -0.811484  0.261888  0.941148       0.579600      0.082600  0.215697 -0.975477  2.602540  0.339379 -0.038608  0.507071  0.167545 -1.869430  0.679969 -1.591871  0.186444 -1.323164         0.212527       -0.000071  0.091803  1.683445  0.328947  0.335084   -0.150109 -0.559002 -0.426265 -0.464805   0.772015  0.658404  0.305499
116  0.853689  0.782879 -0.010462  0.463476 -0.963771       0.289037      0.053615  0.079102  1.691927 -0.631658  0.249320 -0.223861  1.590048  0.305953  1.178834  0.662423 -1.706596 -0.635289  0.354242         0.517112        0.030065  0.230785 -0.851929  0.328947  0.426995    0.040944  0.428016 -0.126087  0.059280   0.371468  1.340307  0.698624
117  0.823778 -0.695536 -0.066347 -0.749410  2.737243       0.579600      0.082600  0.215697 -0.975477 -0.376326  0.339379 -0.038608  0.395039 -0.449236 -2.048824  0.393378 -0.117368  0.646523 -0.483434         0.212527       -0.000071  0.091803  1.683445  0.679361  0.335084   -0.150109 -0.780577 -0.698086 -0.989797   0.772015  0.066497  0.305499
118  0.590802  2.094476  0.526036  0.782657 -0.170055       0.197717      0.369847 -0.230514  0.355116 -0.801879 -0.110917  0.268275 -1.640210 -0.904454 -1.709598 -0.093533 -0.578150  0.447384  0.531838         0.517112        0.030065  0.230785 -0.851929  2.314626  0.426995    0.040944  0.558947  0.006711  0.642302   0.371468 -1.427115 -0.082167
119  0.593330  1.093561 -0.587943 -0.884922 -0.274885       0.197717      0.369847 -0.230514  0.355116 -0.291216 -0.110917  0.268275 -0.949345 -0.809727  0.533779 -0.321636  0.441212  0.782716  0.105814         0.517112        0.030065  0.230785 -0.851929  3.949890  0.426995    0.040944  0.317229  0.048210  0.587899   0.371468 -0.417239 -0.082167
120 -1.723365 -2.056107 -2.236557 -1.199622 -1.089567       0.197717      0.369847 -0.230514  0.355116  0.985441 -0.110917  0.268275  0.152303 -0.359245  1.104404  0.228150  0.021806 -0.562042  0.616016         0.517112        0.030065  0.230785 -0.851929 -0.488685  0.426995    0.040944  0.800666 -0.653820 -0.652497   0.371468 -0.103979 -0.082167
121 -1.765073 -0.591466 -0.763050  0.305566  1.008040       0.579600      0.082600  0.215697 -0.975477  1.155662  0.339379 -0.038608  0.357695 -0.206102  0.191690 -1.416822 -0.830170  0.822772  1.604598         0.116801        0.328725 -0.223223  0.412803  0.095338 -0.032561    0.357436 -0.095708 -0.247818 -0.499261  -0.023516 -0.117825  0.305499
122  0.810718 -0.035912  0.458974 -0.042733  0.675578      -2.433951      0.617977  1.955009  0.802792 -0.461437  1.981226  2.151677  1.730088  0.448570 -1.206723 -0.959154 -1.025767  0.640801  1.888956         0.517112        0.030065  0.230785 -0.851929  2.431430  0.426995    0.040944  0.186298 -0.451856 -0.166494   0.371468  1.664818  1.479415
123  0.767324 -0.121617 -1.305137 -0.225282  0.060572      -2.433951      0.617977  1.955009  0.802792  0.049226  1.981226  2.151677  1.972824  2.828862 -1.536407 -0.188576  0.044375  0.019351  0.220789         0.517112        0.030065  0.230785 -0.851929  2.081016  0.426995    0.040944 -0.196424 -0.615779 -0.021418   0.371468  1.881158  1.479415
124  0.803977 -0.596057  0.300632  0.568750  0.866269       0.579600      0.082600  0.215697 -0.975477  2.517429  0.339379 -0.038608 -0.165121 -0.303987 -1.708644  0.864206 -0.875308  0.136087 -0.231926        -2.641869        0.586714  2.000489  0.838320  0.679361  2.102604    2.299808  1.596324  1.007536  1.866376   1.567546 -0.113498  0.305499
125  0.666635  0.287013  1.211562  0.564270  0.560763      -0.217372     -1.470182  0.288548  0.802792  0.474778 -0.443443 -0.456830 -1.154737 -0.681845 -2.067432 -1.327628 -1.127327 -0.177499  1.065651         0.116801        0.328725 -0.223223  0.412803  1.380189 -0.032561    0.357436  1.435178  1.142409  0.897091  -0.023516 -0.706270 -0.862958
126 -1.439835 -0.058869 -0.349499  0.151015 -1.199390      -2.433951      0.617977  1.955009  0.802792 -0.206105  1.981226  2.151677  2.346264  0.536456  0.537596 -0.785152 -0.589435 -0.614688 -0.495753         0.517112        0.030065  0.230785 -0.851929 -0.255076  0.426995    0.040944  0.055367 -0.427649 -0.496540   0.371468  1.689048  1.479415
127 -1.433936  0.963473 -0.440778  0.127497  0.043600       0.197717      0.369847 -0.230514  0.355116  0.049226 -0.110917  0.268275  1.123247  0.119129  0.380149 -0.500024  0.917040  0.615622 -0.972079         0.778185       -0.697773 -1.798351 -1.271536 -1.189513 -0.880970   -1.277129 -0.438142 -0.582579 -1.987191  -0.819046  0.727632 -0.082167
128  0.466520  1.242015 -0.146450 -0.102089  0.105500       0.289037     -0.608178  0.079102  1.691927 -0.376326  0.249320 -0.223861 -0.557233 -0.475549 -1.750630 -0.505873 -0.580031  0.534365  1.337691         0.621541       -1.302547 -0.677230  0.838320  0.679361  0.921900    0.478050  0.710022  0.245332  1.057581   1.567546 -0.757326  0.698624
129  0.820407  1.563409  1.893362  1.033521  0.012650       0.073190      0.015502 -1.013659 -0.975477 -1.652983 -1.815113 -1.515016 -1.425482 -0.922347  0.411162 -1.375880  1.263096  0.524064  0.080150         0.517112        0.030065  0.230785 -0.851929  0.679361  0.426995    0.040944  1.737326  0.871280  1.315090   0.371468 -1.484229 -1.643749
130  0.789232  1.220588  0.699280  0.594508  0.301183       1.227139      0.105301  1.071694 -0.975477 -1.312541 -0.069351  0.562060  0.955199  0.050715  0.559543 -0.159332  0.382909  0.542376  0.180753        -0.622906       -0.555580 -0.853274 -0.851929 -0.021467 -1.071863   -0.793707 -0.619432 -0.588804 -0.891871  -1.214030  0.564079 -0.082167
131  0.448826  1.497600  2.565847  1.136555  0.713516      -2.433951      0.617977  1.955009  0.802792 -0.631658  1.981226  2.151677  2.822400  5.884350 -1.820765 -1.808690 -0.929849  0.184155  1.285336        -0.318321       -1.584414  0.304909  0.838320  1.380189 -0.371925   -0.390373 -0.196424 -0.765176 -0.861949  -0.819046  1.977213  1.479415
132  0.953536  0.617591  0.647121  0.594508  0.399025      -0.507935     -0.480665 -0.849745 -0.975477 -0.291216 -1.129278 -0.847919 -0.865321 -0.760258  0.162587 -0.416679 -0.642096  0.118920  1.091316         0.212527       -0.688160  0.091803  1.683445 -0.371881  0.335084   -0.150109  1.233746  1.899080  0.469118   0.772015 -1.484229 -1.250623
133 -1.765073 -0.453725 -0.438916  1.162314  1.075930       0.679221     -1.199086 -0.676724  0.802792  0.049226  0.824313  0.385228  0.161639  0.483304  0.704108  0.206217 -0.640215 -0.683357 -0.950521         1.195902        0.053669  1.101739 -0.851929 -1.072708  0.009860    0.660419 -0.176280 -0.635145 -1.315310  -0.023516  0.610809  1.479415
134 -1.815629 -1.402605 -0.692262  0.989844  0.833322       0.073190      0.015502 -1.013659 -0.975477 -0.035884 -1.815113 -1.515016 -0.846649 -0.705000  0.416887  0.551296  0.097036  0.273424 -0.514231         0.778185       -0.697773 -1.798351 -1.271536  0.562556 -0.880970   -1.277129  0.609306 -0.150295  0.085575  -0.819046 -0.673386 -1.643749
135 -1.321872  0.782879  0.276415  1.237349  0.273228       0.828653     -0.617424 -1.778592 -1.416936 -0.291216 -0.942232 -1.316665  0.226991  0.115445  0.777106 -0.008726  0.243734 -0.596376 -0.673349         1.195902        0.053669  1.101739 -0.851929 -0.839099  0.009860    0.660419 -0.488501 -0.572896 -0.783065  -0.023516  0.740613 -0.862958
136  0.341396 -0.052747  0.874387  1.386300  1.101888       0.073190      0.015502 -1.013659 -0.975477 -0.206105 -1.815113 -1.515016 -1.920290 -0.887614  0.370130 -1.194568  0.458139  0.804461 -0.468036         0.212527       -0.688160  0.091803  1.683445 -0.255076  0.335084   -0.150109  1.344533  1.246157  1.179988   0.772015 -1.312022 -1.643749
137  1.028526  0.746149  0.978707  0.671783  1.165785       0.679221     -1.199086 -0.676724  0.802792 -0.546547  0.824313  0.385228  0.525743  0.408048  0.579582  0.500119 -1.258979 -0.337725  1.629235        -0.318321       -1.584414  0.304909  0.838320  0.679361 -0.371925   -0.390373  0.055367 -0.913882 -1.176582  -0.819046  0.910223  1.479415
138  0.885708  1.367512  1.504028  0.928248 -0.128122       0.289037     -0.608178  0.079102  1.691927 -0.886989  0.249320 -0.223861 -1.304114 -0.833935 -1.926684 -1.511864 -0.890354  0.510331  1.275071         0.517112        0.152251  0.230785 -0.851929  1.263384  0.426995    0.040944  1.072600  2.599726  1.063021   0.371468 -1.329329  0.698624
139  0.476210  1.122640  1.200385  0.871131 -0.493531      -2.433951      0.617977  1.955009  0.802792 -0.801879  1.981226  2.151677  2.701032  3.483534 -1.714846  0.526438  0.177908  1.575836  0.997898         0.116801        0.328725 -0.223223  0.412803  1.263384 -0.032561    0.357436 -0.428071 -0.500964  0.065627  -0.023516  1.689048  1.479415
140  0.992295  1.399651 -0.191158 -0.360794  0.234291      -0.507935     -0.480665 -0.849745 -0.975477 -1.057210 -1.129278 -0.847919 -0.015745 -0.275569 -1.463886  0.549834  0.292633  1.016188  0.864445         0.778185       -0.697773 -1.798351 -1.271536 -1.306318 -0.880970   -1.277129  0.276942  0.657558  1.439311  -0.819046 -1.003954 -1.250623
141 -1.434358  0.916029  0.805462  1.030162  1.126848       0.197717      0.369847 -0.230514  0.355116  0.559889 -0.110917  0.268275  1.020551  0.097026  0.486545 -0.339182  0.401716  0.549243  0.299834         0.621541       -1.302547 -0.677230  0.838320 -0.371881  0.921900    0.478050 -0.619432 -0.341192 -0.143826   1.567546  0.619462 -0.082167
142  0.359933 -0.700128  0.933998  1.282146  0.230298       0.579600      0.200116  0.215697 -0.975477  2.602540  0.339379 -0.038608  0.058943  0.214383  0.923102  2.611531  1.481263  0.743803  0.115053        -0.622906       -0.555580 -0.853274 -0.851929 -0.488685 -1.071863   -0.793707 -0.005063 -0.307992 -0.689672  -1.214030  0.216204  0.305499
143  0.958592  0.052854  0.922821  0.377241  0.891229       1.227139      0.105301  1.071694 -0.975477 -0.631658 -0.069351  0.562060 -0.118441 -0.540280 -2.032602  1.700583  1.738924  1.787564  0.683770        -2.641869        0.586714  2.000489  0.838320 -0.839099  2.102604    2.299808  2.684058  5.436896  2.433078   1.567546 -0.732230 -0.082167
144  0.359933  0.104890  0.021206  0.941687  0.307173      -0.217372     -1.470182  0.288548  0.802792  0.049226 -0.443443 -0.456830  0.040271 -0.118216  0.401619 -0.845102 -1.964258 -0.923696  0.635521        -0.013736       -0.039698 -1.020052 -0.851929 -0.255076 -1.771801   -1.481691 -0.619432 -0.643445 -0.147453  -1.614577 -0.085806 -0.862958
145 -0.815056 -0.139982 -0.545098  0.116297  0.844305       0.579600      0.200116  0.215697 -0.975477 -0.206105  0.339379 -0.038608  1.104575 -0.219259  0.825294  2.586674  2.308789  0.323781 -0.913565         0.778185       -0.697773 -1.798351 -1.271536 -0.839099 -0.880970   -1.277129 -0.579145 -0.671803 -1.685253  -0.819046  0.391007  0.305499
146  0.799764  0.062037 -0.025365  0.379481  0.534805       0.679221     -1.199086 -0.676724  0.802792 -1.227431  0.824313  0.385228  0.124295 -0.011911  0.529962 -1.179946 -0.557462 -0.444161  0.002131        -2.641869        0.586714  2.000489  0.838320  1.263384  2.102604    2.299808  1.676897  1.392096  2.076736   1.567546 -0.907033  1.479415
147  0.359933 -0.181305  0.263376  0.747939 -0.143098       0.828653     -0.617424 -1.778592 -1.416936 -0.376326 -0.942232 -1.316665  0.208319 -0.246624 -1.939566  0.166738 -0.068469  1.177559  1.045120        -0.318321       -1.584414  0.304909  0.838320 -0.255076 -0.371925   -0.390373  0.780523 -0.620620 -0.438510  -0.819046 -0.263205 -0.862958
148 -1.627732  0.133968 -0.310380  0.422039  0.348107       0.289037     -0.608178  0.079102  1.691927 -1.142320  0.249320 -0.223861  0.451055  0.139653  1.121103  2.797230  2.763929  1.318330 -0.251431         0.116801        0.328725 -0.223223  0.412803 -1.189513 -0.032561    0.357436 -1.143156 -0.891749 -1.297176  -0.023516  0.390142  0.698624
149 -1.344201  0.441589  0.017480  0.798336  0.778411      -0.507935     -0.637351 -0.849745 -0.975477  0.559889 -1.129278 -0.847919 -0.697273 -0.049802  0.618705 -0.374275  0.083871 -0.022995 -0.296599         0.621541       -1.302547 -0.677230  0.838320 -1.189513  0.921900    0.478050  1.838043  0.215591  1.904459   1.567546 -0.609349 -1.250623
150  0.359933  0.528825  1.315881  1.415418 -0.165063       0.073190     -0.297880 -1.013659 -0.975477 -0.120995 -1.815113 -1.515016 -0.613249  0.437519 -1.586980  0.454791 -0.275351  0.585866  0.351163         1.195902        0.053669  1.101739 -0.851929 -0.138271  0.009860    0.660419 -0.216567 -0.720910 -0.889151  -0.023516  0.019768 -1.643749
151  0.734885 -0.303741 -0.425876 -0.967797  2.674344      -0.217372     -1.470182  0.288548  0.802792  0.219447 -0.443443 -0.456830 -0.426529 -0.925505  0.987989  1.535354  1.005435  0.512619 -0.012241         0.212527       -0.688160  0.091803  1.683445 -1.423122  0.335084   -0.150109  0.287014 -0.327359  0.544376   0.772015 -1.755952 -0.862958
152  0.602177  0.870115 -1.010808 -0.070731  0.612679      -2.433951      0.617977  1.955009  0.802792 -0.376326  1.981226  2.151677  3.046464  4.319241  0.503244  0.394841 -0.138057 -0.383504  0.040114        -0.013736       -0.365533 -1.020052 -0.851929  0.796166 -1.771801   -1.481691 -1.415089 -0.509956 -0.545503  -1.614577  1.819717  1.479415
153  0.306850 -1.243438 -0.893449 -1.909659 -2.898641       1.227139      0.105301  1.071694 -0.975477 -0.546547 -0.069351  0.562060  0.367031 -0.603431  0.945049  0.849584  1.266858  0.992154  1.536845         0.517112        0.152251  0.230785 -0.851929  1.146579  0.426995    0.040944 -0.287068 -0.291392 -0.474779   0.371468  0.122746 -0.082167
154  0.366674 -0.302210  0.511133  0.321245 -0.460585       0.197717      0.369847 -0.230514  0.355116 -0.631658 -0.110917  0.268275  0.833831  0.695388  0.796668  0.871517  1.520758  1.314896 -0.072808        -0.622906       -0.718491 -0.853274 -0.851929 -0.255076 -1.071863   -0.793707  0.428016  0.820789  0.105523  -1.214030  0.378892 -0.082167
155 -1.178211  0.602286  0.779383  1.136555  0.136450      -0.217372      0.622135  0.288548  0.802792 -0.546547 -0.443443 -0.456830 -0.165121 -0.689212  0.388260  1.041132  1.270619 -0.106541 -1.187657         1.195902        0.053669  1.101739 -0.851929 -1.189513  0.009860    0.660419  0.226584 -0.079746  0.469118  -0.023516 -0.866361 -0.862958
156 -1.515246  0.205899 -0.220963  0.650505  0.019639       0.828653     -0.617424 -1.778592 -1.416936 -0.120995 -0.942232 -1.316665 -0.426529 -0.525544  0.097699  0.250083  1.407914  1.234783 -0.839652        -2.641869        0.586714  2.000489  0.838320 -0.021467  2.102604    2.299808  2.845204  3.218758  2.268054   1.567546 -0.341088 -0.862958
157 -1.047189  1.812873  1.107243  1.102957  0.602695       0.289037     -0.608178  0.079102  1.691927 -1.142320  0.249320 -0.223861  1.281959 -0.152949  0.784740  1.908215  1.415437  0.577855  0.762815         1.195902        0.053669  1.101739 -0.851929 -1.656731  0.009860    0.660419 -0.307211 -0.279634 -0.740449  -0.023516  1.328192  0.698624
158  0.549937  1.292520  1.762963  1.315744  1.841691      -0.507935     -0.297597 -0.849745 -0.975477 -0.461437 -1.129278 -0.847919 -0.109105 -0.125057  0.247990  0.071695  1.624199  0.947520 -0.298653        -0.318321        0.591038  0.304909  0.838320  0.095338 -0.371925   -0.390373  1.737326  0.165792  0.509014  -0.819046 -0.763383 -1.250623
159  0.448826  0.291605  1.150088  1.865631  0.945141       0.197717      0.369847 -0.230514  0.355116 -0.546547 -0.110917  0.268275 -0.715945 -0.547121  0.908789  0.270554  1.343968 -0.162621  1.611784         0.517112        0.152251  0.230785 -0.851929 -0.021467  0.426995    0.040944  0.307157  0.908629  0.997737   0.371468 -1.294715 -0.082167
160 -1.504293 -1.880105 -1.821144 -0.002415  0.806366       0.679221     -1.199086 -0.676724  0.802792  0.304557  0.824313  0.385228 -0.062425 -0.264517  0.730349  2.453614  1.774658  1.219905  0.382986        -0.013736       -0.365533 -1.020052 -0.851929 -1.072708 -1.771801   -1.481691 -0.256853  0.018469 -0.498354  -1.614577  0.498312  1.479415
161  0.731093  0.599225  1.183619  1.226150  0.713516      -2.433951      0.617977  1.955009  0.802792 -0.461437  1.981226  2.151677  2.028840  3.934542 -1.743950  0.488421 -0.111726  0.664835  0.668371        -0.622906       -0.365238 -0.853274 -0.851929 -1.072708 -1.071863   -0.793707 -1.012225 -0.669728 -1.083189  -1.214030  1.881158  1.479415
162  0.530978  0.300787  0.647121  0.482515  0.446947       0.579600      0.200116  0.215697 -0.975477  0.815220  0.339379 -0.038608 -0.323833  0.276482  0.653057 -0.346493 -1.326686  0.572132  0.804904         0.621541       -1.302547 -0.677230  0.838320 -0.605490  0.921900    0.478050  0.931597 -0.033405  0.770150   1.567546 -0.170612  0.305499
163 -1.528728 -2.043864 -1.184052  0.126377  0.879248       0.289037     -0.608178  0.079102  1.691927 -0.376326  0.249320 -0.223861  0.348359 -0.365560  0.728918  0.567380  1.526400  0.224212 -0.439292         0.778185       -0.697773 -1.798351 -1.271536 -0.255076 -0.880970   -1.277129  0.035223 -0.696011 -1.383314  -0.819046  0.228319  0.698624
164  0.309378 -0.709310  0.412403  0.330204 -0.171053       0.073190     -0.297880 -1.013659 -0.975477  0.049226 -1.815113 -1.515016 -0.407857 -0.108217 -1.749675  0.460639  0.309560  1.559814 -0.057410         0.116801        0.328725 -0.223223  0.412803  1.146579 -0.032561    0.357436 -0.015135 -0.432490  0.382980  -0.023516 -0.918283 -1.643749
165 -1.275951 -0.542491 -1.439261 -0.594859 -0.020297       0.073190     -0.297880 -1.013659 -0.975477 -1.057210 -1.815113 -1.515016 -0.771961 -0.642901  0.722715  0.491346  0.670663  0.625922  1.527605        -0.622906       -0.365238 -0.853274 -0.851929  0.796166 -1.071863   -0.793707  0.669735  0.539285  0.217050  -1.214030 -1.236736 -1.643749
166  0.442085  0.687992  1.338235  1.278786  0.326143       0.579600      0.200116  0.215697 -0.975477  1.070552  0.339379 -0.038608  0.843167 -0.097692  0.781400  0.046838 -0.926088 -1.315107 -1.139409        -0.318321        0.591038  0.304909  0.838320 -0.955904 -0.371925   -0.390373  0.699950 -0.287934  1.034913  -0.819046  0.262069  0.305499
167  0.357405 -0.346593 -0.347636 -0.933079 -1.929209       0.197717      0.369847 -0.230514  0.355116 -0.120995 -0.110917  0.268275 -0.249145 -0.511861 -1.729637  1.161032  0.119605  0.585866 -0.861210         1.195902        0.053669  1.101739 -0.851929 -0.255076  0.009860    0.660419 -0.357570 -0.074213  0.655903  -0.023516 -0.669059 -0.082167
168  0.832204 -0.346593  0.716046  0.628106  2.214089      -2.433951      0.617977  1.955009  0.802792 -1.567873  1.981226  2.151677  0.208319  0.687494  0.946958  0.504505  1.272500 -0.470484  0.921932         0.212527       -0.688160  0.091803  1.683445 -1.189513  0.335084   -0.150109 -0.518715 -0.424882 -0.060407   0.772015  1.111852  1.479415
169  0.306850 -2.167830 -1.124441 -2.326274  0.109493       0.679221     -1.199086 -0.676724  0.802792 -0.546547  0.824313  0.385228  0.637775 -0.227679  0.687886 -0.555587  0.012403 -0.195810  0.024715         0.778185       -2.017534 -1.798351 -1.271536 -0.021467 -0.880970   -1.277129 -0.820864 -0.431798 -1.095884  -0.819046  0.534657  1.479415
170  0.602177 -2.066820 -1.090910 -1.135786  2.008422      -0.507935     -0.297597 -0.849745 -0.975477 -0.035884 -1.129278 -0.847919 -0.417193 -0.025067  0.829588  0.767701  0.576625  1.154670  1.038961         0.517112        0.152251  0.230785 -0.851929 -0.955904  0.426995    0.040944  0.367587 -0.330817 -0.135665   0.371468 -0.137728 -1.250623
171 -1.822791  0.334457 -0.710890 -0.308157 -1.507891       0.289037     -0.608178  0.079102  1.691927 -0.461437  0.249320 -0.223861 -0.025081 -0.336089  0.722715  0.712137  1.281904  0.422206  1.039987        -0.013736       -0.365533 -1.020052 -0.851929 -0.605490 -1.771801   -1.481691  0.448160 -0.366091 -0.060407  -1.614577 -0.213014  0.698624
172  0.741625  3.644823  3.553153  1.407579  0.965109      -0.217372      0.622135  0.288548  0.802792 -1.312541 -0.443443 -0.456830  1.646064  1.311643  0.686455  1.294092  1.552731  0.583577 -0.060490        -2.641869        0.586714  2.000489  0.838320 -1.656731  2.102604    2.299808  0.941669 -0.232602  0.469118   1.567546  0.592636 -0.862958
173 -1.373270 -0.940408 -0.740696  0.131976 -0.173050       0.679221     -1.199086 -0.676724  0.802792  0.049226  0.824313  0.385228  0.339023  0.351211  0.587216  2.207965  0.954655  1.091724  0.062698         1.195902        0.053669  1.101739 -0.851929 -0.955904  0.009860    0.660419 -0.186352 -0.570130 -0.723221  -0.023516  1.046950  1.479415
174  0.955643  1.064482  0.783108  0.077100  0.857284       0.828653     -1.886750 -1.778592 -1.416936 -1.057210 -0.942232 -1.316665  0.880511 -0.492390  0.052374  0.717986  0.476946  1.404165  0.669398         0.116801        0.328725 -0.223223  0.412803 -0.255076 -0.032561    0.357436  0.599234 -0.304534 -0.428536  -0.023516  0.318317 -0.862958
175 -1.269632 -0.127739 -0.321557 -0.249920 -1.519871       0.289037      0.214077  0.079102  1.691927 -1.227431  0.249320 -0.223861  0.572423 -0.325564  0.602006  2.680255  2.286220  1.408743  1.738051        -0.318321        0.591038  0.304909  0.838320 -0.722294 -0.371925   -0.390373  0.266871  0.117376 -0.264420  -0.819046  0.967337  0.698624
176  0.733199 -0.146104 -0.725793 -0.268959  1.170777       0.679221     -1.199086 -0.676724  0.802792  0.134337  0.824313  0.385228  0.609767  0.150179  0.391600  0.630254  0.659378  0.886863  0.886003         0.116801        3.049238 -0.223223  0.412803 -1.072708 -0.032561    0.357436 -1.646736  0.764073 -0.853789  -0.023516  1.118775  1.479415
177  0.799764  0.010002  0.907919  0.354843  0.062569       0.828653     -0.617424 -1.778592 -1.416936 -0.546547 -0.942232 -1.316665 -0.631921 -0.497652  0.828634  1.193200  1.278142  1.351519  0.932198        -0.622906       -0.202327 -0.853274 -0.851929 -0.955904 -1.071863   -0.793707  0.699950  1.336072  1.072995  -1.214030 -1.665089 -0.862958
178 -1.192535  0.784410  1.362452  0.247329 -0.548443       0.197717      2.986394 -0.230514  0.355116  0.815220 -0.110917  0.268275  0.451055  0.035453  0.678344  0.796945  0.896352  0.015917  0.236187        -2.641869        0.586714  2.000489  0.838320 -0.021467  2.102604    2.299808  0.921526  0.381588  0.505387   1.567546  0.857436 -0.082167
179  1.269507  2.764814  1.770414  0.844253  0.610682       0.579600      0.082600  0.215697 -0.975477 -0.631658  0.339379 -0.038608  0.703127 -0.407661  0.259917  0.777936  1.686264  1.625049  2.214377         0.212527        0.166766  0.091803  1.683445 -0.138271  0.335084   -0.150109 -0.498572 -0.031330  0.025731   0.772015  0.391873  0.305499
180 -1.151670 -0.136922  0.337889  0.078220  0.369073       1.227139      0.105301  1.071694 -0.975477 -0.886989 -0.069351  0.562060  0.488399 -0.557646  0.757067  1.737138  1.836723  1.047089  1.333585        -0.013736       -0.365533 -1.020052 -0.851929 -0.839099 -1.771801   -1.481691 -0.720148  0.074493 -1.103137  -1.614577  0.796861 -0.082167
181  0.608918  1.222119  0.496231  0.155495 -1.311209      -0.217372      0.622135  0.288548  0.802792 -0.291216 -0.443443 -0.456830 -0.183793 -0.461340  0.871097  0.748692  1.611034  0.395883  0.431235         0.621541       -1.302547 -0.677230  0.838320  0.445752  0.921900    0.478050  0.357515  0.730874  1.095663   1.567546 -0.378298 -0.862958
182  0.823778  1.493009 -0.017913  0.358203  0.521826      -2.433951      0.617977  1.955009  0.802792 -1.057210  1.981226  2.151677  1.935480  5.292303  0.873005 -0.007264  0.204238  0.982999  0.955809         0.517112        0.030065  0.230785 -0.851929  1.730602  0.426995    0.040944  0.176226  0.115992  0.269639   0.371468  1.977213  1.479415
183 -1.178211  0.476789  0.509271  0.969685  0.572744       0.828653     -0.617424 -1.778592 -1.416936 -0.801879 -0.942232 -1.316665  0.077615 -0.611325  0.370130  0.288100  1.018600  1.502590  0.379906        -0.013736       -0.365533 -1.020052 -0.851929 -0.021467 -1.771801   -1.481691  0.981955 -0.303842  0.528962  -1.614577 -1.062798 -0.862958
184  0.448826  1.341494  1.675409  1.937306  1.098893       1.227139      0.105301  1.071694 -0.975477 -0.631658 -0.069351  0.562060 -0.099769 -0.151897  0.508969  1.452009  0.488231  1.185571  0.486669        -0.622906       -0.202327 -0.853274 -0.851929 -1.890341 -1.071863   -0.793707 -2.069744 -0.412432 -1.420490  -1.214030  0.119284 -0.082167